217
9931 10
33918 62769 77000 36482 99481 10131 77884 66129 98582 27343
8334 10
73007 91510 8452 75533 74672 91364 80818 33663 63864 55427
6749 10
58361 26753 23676 26952 25627 54367 52328 81258 13351 42428
2971 10
80017 24353 58629 76906 76820 74047 80061 14407 28812 30422
1211 10
10490 42074 36580 36079 56167 26705 16166 77324 74391 99818
3795 10
73797 93681 16388 72062 80409 3783 28233 7354 560 63779
7842 10
78757 30803 24860 26009 83666 75290 52828 94158 16981 11148
6034 10
98410 49888 45350 84884 82532 54246 55364 87888 44339 60991
5977 10
53291 43641 38119 64059 51255 22512 97151 33182 70025 72325
4905 10
41379 42684 92519 2151 61212 63689 7324 62829 64552 41084
9514 10
87586 30244 8746 97188 46117 65238 57842 18832 33280 36179
3793 10
37412 38222 9946 90473 52611 45805 55055 13391 79606 34265
292 10
96318 33538 53449 90971 97706 7376 68442 87532 23671 40035
8220 10
32830 26538 49086 95225 84665 77883 32464 89452 52169 71457
4786 10
74193 81623 74453 56206 80798 68901 14991 67476 30000 6763
5039 10
61261 37338 18220 22483 51015 51336 24007 6641 98258 20277
5104 10
61992 89429 26058 78500 15796 37333 88839 83748 75484 64858
7821 10
27200 73014 27938 60773 72596 20879 93025 18195 36866 25756
7435 10
67874 16688 43857 81538 94516 32657 82334 68029 43289 98647
7946 10
10678 36226 58690 67998 45497 36736 4421 79434 80630 74419
5037 10
50488 98209 33357 94088 85819 57049 21942 51738 14221 76941
4722 10
9010 50130 75410 6079 96195 77239 10575 61988 43697 37045
8193 10
66450 25115 16017 1852 37120 43582 41233 55811 5237 62098
8455 10
74959 17187 57575 2216 50664 80505 38317 94429 64012 56557
3833 10
51981 44046 28468 46330 79053 93475 10461 56011 56995 41608
5556 10
42166 19200 3847 73010 72243 84770 97982 17756 24121 49761
7875 10
1899 27527 66772 94447 42940 9257 19248 31130 57116 27280
6744 10
49499 53932 17170 22576 38693 53294 38525 38954 39587 49905
1473 10
43090 164 65158 66349 85313 80686 38021 90268 27947 86794
7471 10
5605 22141 34733 81646 91542 32737 99844 94458 65198 49202
5584 10
64606 18627 30933 61506 20196 88657 85926 26519 29637 52602
8497 10
73474 91021 26630 8954 62263 38485 43715 88083 99881 22007
4055 10
62326 20119 72834 24286 54818 46505 87860 89428 37116 22090
1823 10
7759 71251 716 84113 13017 48817 65559 44567 70401 42283
3072 10
16693 35609 37035 59048 51870 78954 51446 26069 11517 95037
7579 10
38358 15040 4869 94876 28899 20713 13707 94363 90586 14658
9325 10
64586 40380 27150 79824 83968 76288 71920 48925 59020 57864
5041 10
44984 40694 95216 33533 76299 82098 6344 76255 89798 77644
1264 10
15615 73285 60659 56328 18382 33575 4850 86417 11212 99490
5312 10
26994 5170 36550 72729 88170 84015 72626 92297 60264 96436
2437 10
24530 57738 15676 75084 14546 39800 87201 74328 36578 25095
9497 10
52177 62162 48015 92361 30159 61775 2561 18977 18984 82935
7704 10
36274 69664 72812 73870 95383 87681 10005 76504 58301 57170
4615 10
95558 6680 94557 26148 79043 80995 76814 44884 34966 59856
8272 10
4997 12475 5504 35291 34970 56083 85408 3915 37851 45916
2310 10
96309 46331 86669 810 55317 27118 24818 33134 46866 76624
6057 9
16604 23430 82939 98002 72172 92341 63838 58911 67348
2721 9
7218 91923 76938 20963 6677 62891 34744 58561 51831
8406 10
12609 33093 77496 47063 41252 23227 80912 46148 5316 37441
1521 10
22701 91929 33311 67054 25408 13049 73574 16704 26915 34218
8647 10
90111 77134 60438 61357 5000 78048 73949 44950 702 28286
7621 10
83304 49166 74425 18660 33046 14524 3490 20930 31520 54070
9148 10
46863 43265 30171 19653 83256 84829 17832 4641 35691 1148
925 10
21489 81649 62837 54049 49873 54010 8095 10542 81081 67473
103 10
37898 3032 69443 46225 97035 76913 71029 45409 5350 46425
3546 10
83879 46983 76616 55898 55536 92353 84271 46114 29226 46370
995 10
73844 91045 40241 26812 40938 89254 61478 20318 71309 95611
8448 10
83031 37204 31768 61362 35350 42972 56445 65267 8892 80661
5634 10
32468 50298 60989 99710 63947 43723 61670 95198 83678 13400
1472 10
22086 66969 13357 11128 20496 26735 53503 92997 26367 55709
2577 10
43428 92212 41692 27038 48261 90400 79639 74309 98297 92195
4548 10
20878 80350 46024 56883 87644 68121 99480 40577 48506 24526
1875 10
55570 35936 32098 93581 2866 6913 30913 65010 41170 16928
5184 9
52462 81290 84137 86390 7958 20590 64904 16570 50275
6386 9
11094 19711 2109 49757 59511 71764 17594 22813 9874
1960 10
15752 64186 67313 63258 35270 71320 30379 90691 79988 13869
9220 10
66353 27162 50226 43220 25538 6435 79747 28767 91382 66955
6580 10
73571 97376 1115 55542 66649 31 480 11889 1300 67781
9163 10
54751 17015 18853 34883 61298 9077 1486 35283 99903 57111
1491 9
26376 64376 46948 40610 89224 32804 72736 40304 52258
2920 10
40464 32054 39400 61764 41306 20742 67843 66509 12633 40314
1964 10
81950 44464 78578 23560 52596 15624 22840 51966 24568 93659
7139 10
69513 55611 37102 18356 80958 28443 10726 58712 44455 68764
6593 10
32523 19759 25465 74293 81347 98187 48379 26465 43182 26860
7766 10
62568 63435 52916 83921 97407 57967 10627 60120 60674 45564
272 10
49937 98302 45769 84573 47999 28170 22150 59579 2029 11580
5861 10
20456 80968 68125 21315 72894 68292 57526 54285 24098 88894
5979 10
51222 99920 56081 14056 9291 25626 97466 88631 37042 51827
9723 10
74966 51186 78511 85706 87258 51030 53933 3612 84292 29538
6640 10
53977 66266 94105 53923 10242 42620 8464 48383 10578 5291
7012 10
17983 16682 95290 7362 16226 98980 21500 1943 10610 44719
4943 10
50755 38013 12584 43417 82716 25236 22344 63712 69710 87883
3571 10
17505 20474 93536 45218 24632 93776 63458 43217 34246 65926
6621 10
58005 21628 38960 79953 79047 25461 15965 39522 24918 29969
731 10
67675 81808 16486 15307 18316 36245 17039 81626 13686 29216
9459 10
47477 24321 89752 73804 60932 88616 83588 46594 16124 35903
249 10
77473 53649 47141 50044 66696 78307 6652 97423 41377 16646
9724 10
72055 9593 52416 18668 24199 52985 90703 50861 89926 43882
4129 10
98289 64528 42501 96562 34380 27660 80629 21335 62763 81341
4265 10
88057 54609 61731 19267 38289 41108 86119 92124 43685 71532
4403 10
91242 69617 26202 82909 73935 36366 61037 27168 66823 21181
5451 10
24619 97843 43091 96027 11394 84604 84441 98744 66624 79931
2081 10
56838 57922 44785 7398 50059 81792 61549 84548 70479 18841
6492 10
47686 86629 38826 62025 49255 66855 23251 78408 15388 28525
6058 10
11413 48352 32647 60127 58942 38426 48289 59758 25449 44844
5231 10
61535 90980 38409 97909 24124 15254 95549 84444 28790 30225
2509 10
14228 44888 15991 42915 2006 72907 17423 63796 16645 99990
664 9
5931 82544 73122 53792 55136 8756 63781 19978 46568
2789 10
68615 11422 30235 59988 43210 73986 2770 87003 59219 7610
3643 10
51601 97244 9988 64147 95020 1193 71226 67278 9539 47565
2405 10
90529 84313 74637 23160 47038 63306 45317 12715 37131 94650
7411 10
95591 2570 44795 20950 1625 6138 26406 55583 23573 28926
2863 10
58684 99870 11046 70638 855 51663 30562 95997 19056 72313
3842 10
10751 59453 27533 56888 8859 78320 17500 74548 77934 12400
9880 10
27620 91957 9624 89178 20255 75514 71004 96292 7240 18267
2336 10
22314 80771 96813 99160 27531 5878 43687 43797 411 59383
5553 10
47365 24749 18280 10446 28693 22177 39426 48245 50940 16784
6093 10
60160 77739 90904 4334 66799 49027 72885 9715 65468 53487
9943 10
78909 40379 81098 99815 87603 29452 29836 98255 86664 55687
6289 10
24167 11857 93353 25275 67445 9609 80833 37646 757 63421
1249 10
87288 43004 81969 60004 14370 24923 13016 70255 10207 76800
1097 10
74675 41182 19570 36934 17246 38974 67248 84461 76006 62296
3612 10
12164 75570 74097 94125 16598 22854 26970 15834 60652 25134
2719 10
74081 84827 56075 48732 30531 65995 2591 94509 86456 41462
4568 10
33042 98538 60195 68551 58458 57284 44269 58773 92893 73772
7368 10
56298 83691 14375 91433 40763 15296 10925 11093 18208 67270
3741 10
69500 71342 31961 43864 47947 24787 91495 28512 52604 45364
2539 10
21394 67436 13589 90520 3525 363 66248 74772 33479 85807
9598 10
47073 41813 18012 19338 77233 42152 5152 64800 37478 44751
9746 9
39742 89158 24710 11494 13654 24520 68439 73589 19290
6611 9
94932 56399 82573 61802 78699 86380 29167 32223 78467
1319 10
20108 94206 94324 97102 82124 50442 88495 16460 87614 72210
8589 10
66961 21165 19589 31715 74056 82105 54545 32434 58403 18091
3538 10
86349 82409 38280 6573 54143 33639 73356 69699 47103 4048
3872 10
14823 1553 802 97623 30794 22220 99775 79822 5104 44418
8960 10
84994 9055 24661 87698 26710 90950 9 95139 54370 57042
7260 10
88076 72479 67454 44236 64404 79268 28791 37186 28277 62922
6143 10
85209 7701 31317 24134 13865 92125 9630 30869 80557 5386
3553 10
50288 34662 85269 64438 77845 10148 5665 17902 18201 56077
2700 10
84961 4844 99999 6160 25033 35481 98285 12918 62129 6407
238 10
44913 83068 70318 20621 77251 76242 49401 42051 99880 68570
6388 10
25759 33785 14052 57679 70658 78503 27325 21305 35798 6068
6597 10
92021 53302 15458 7440 65480 88275 36057 61254 3198 97363
6145 10
37874 97537 18561 39195 16021 70664 40190 79897 60822 25696
4344 10
23082 59013 99209 39592 80135 6321 36735 62102 10613 78140
1838 9
53028 40384 16690 61404 57401 88825 46167 35409 75180
3646 10
80416 39486 94689 52137 47302 17818 59696 30547 54033 77669
1058 10
89345 32170 15454 76780 32685 68218 84135 64071 84814 21050
3521 10
73541 720 62729 51668 84161 8524 13507 80679 12908 35454
6300 10
53075 33797 20581 18769 14149 99698 1132 259 88790 89511
3584 9
46150 1230 27690 76939 81891 31535 72682 10706 8058
2544 10
17663 58985 59519 68213 64936 49617 43933 61523 37345 33659
1825 10
51492 26896 33927 92287 57716 45181 91331 11044 63567 12285
6072 10
9873 61498 13790 30203 48908 4249 6029 61537 84788 37661
8657 10
14330 413 68039 54973 4513 63005 47553 34330 31294 2549
7854 10
17987 91452 10362 30680 35705 83173 55500 57174 38717 56868
2121 9
57567 90130 70619 66663 82022 95662 69010 59729 79764
6229 10
76302 75827 28422 81657 24198 14751 61540 8106 10817 17584
9650 10
3933 61168 8976 73446 20748 63528 33502 82566 49609 53121
5505 10
65406 89444 18822 56772 33565 42612 34375 60918 72337 14565
7865 10
1917 7734 34105 27154 49160 69241 72684 90794 42790 52290
4807 10
86516 23050 26933 33879 58409 45907 82663 7346 94077 95117
794 10
74291 19230 26937 19564 94453 81411 19740 14396 9991 64596
1865 10
14670 60318 20743 28039 11408 93266 91869 24540 19173 39356
515 10
89148 14908 50616 14317 54890 73933 88571 6102 86261 50076
2966 10
8283 68252 42122 31579 23099 5469 35082 86167 98280 39107
4700 10
37656 28501 60673 47159 118 28180 5700 42046 53230 38472
9826 10
83224 32490 64610 11208 12675 88395 54066 1752 77445 16367
8122 10
93479 98957 6121 22757 55650 93036 99042 62802 53274 70857
7456 10
5913 92438 46250 98979 91990 77273 22606 32780 29892 24663
7665 10
70000 13592 40039 35285 12272 10488 10982 93412 88299 1046
8426 9
83273 15101 8901 38071 32974 13842 32018 217 52490
2451 10
16574 45868 54235 42870 48485 67456 82897 469 45685 12426
1904 9
13558 27383 52719 13505 27821 73649 14044 46917 12357
5961 10
63531 90312 96351 96935 28828 12167 61363 94338 7684 10454
8243 10
19476 61019 78655 638 57482 81504 40459 93152 63983 3259
4432 9
79930 66211 52831 859 12927 99618 15801 14820 62446
8804 10
72647 55625 20990 66397 20775 89755 23870 34362 6591 61840
4756 10
40880 84394 40473 35047 12766 96390 7485 77917 21581 77620
1783 10
86421 35931 37778 16172 75896 70778 18290 98797 89304 92323
5885 10
79516 28311 51579 11689 32249 49250 96452 60279 20184 17288
1345 9
52360 31986 88362 82341 91428 59885 42322 23559 51800
9411 10
72490 32373 56660 76173 31017 45041 61197 51498 82813 26040
9321 10
51813 28148 70734 49074 77543 92392 72484 60987 61528 48488
320 10
33873 2459 39993 49966 38859 12364 17918 76245 41305 338
6109 10
19931 1178 71786 93430 25854 12003 61318 39924 89884 30948
1172 10
5986 4972 25746 53813 53936 39355 43743 73560 5600 73063
284 10
54762 93081 51896 80817 39353 44892 47211 87228 12040 88005
9623 10
64091 39991 3120 56917 61188 86850 26783 50646 79068 84691
5500 10
43281 9536 80956 41751 36463 41031 10019 62401 37347 64847
6101 10
624 67481 82358 98141 65834 49688 84799 34660 76899 47048
30 10
8490 60328 2933 77688 18368 79533 56455 20501 82894 38354
4082 10
48890 15559 58426 97931 38079 23389 51277 4793 88085 90261
3862 10
15225 16396 92766 74736 68792 13943 71775 49033 44330 17058
2020 10
37139 33626 27597 27424 57212 83717 48808 88764 3751 8142
9886 10
9826 79311 22603 77423 51868 78452 41278 94863 12653 98799
6852 9
64222 68944 96508 29893 93050 45716 39965 43318 25155
9146 10
3122 72429 39507 22583 41164 67219 89996 85927 98259 16783
6138 10
10079 16377 33433 45167 84278 23434 41058 4393 50468 20091
3064 10
88554 28636 93382 70647 64034 40852 42803 27067 8319 62653
3832 10
35265 16635 80438 95860 53771 2762 26449 17609 61208 87407
6451 10
81963 87309 89352 29942 67119 62632 39936 80233 49246 34523
4812 10
2904 74962 51367 83739 82362 84612 79687 21590 8586 39557
9198 10
2800 59003 74088 56094 80334 68760 78078 63255 98340 70340
4168 10
4111 19249 10668 79056 28877 51119 47636 67116 53467 6089
5710 10
33303 58968 43266 58407 16643 96995 87993 75117 52625 6552
4315 10
57593 97083 60199 83246 46238 93810 98746 3361 37555 83338
2322 10
73291 8874 52247 41539 78600 34641 13536 7837 82570 85273
2913 10
63383 51552 23147 97688 42260 41935 30172 24393 23657 11849
4464 10
82991 83456 62752 42507 48372 41837 84420 60055 35018 99596
3507 10
1983 45935 78255 90321 39656 49256 12840 28944 55491 38983
6503 10
1184 21730 73734 31473 15535 51266 71853 70659 43030 44611
196 10
66180 49095 90527 21560 83139 33435 22238 89215 5115 13141
7241 9
82309 19445 86107 6312 93149 16656 72366 19536 46762
5265 10
87710 89175 68284 78472 69990 48776 28968 62576 77151 23263
2716 10
71890 49733 63112 46759 52138 75771 86789 31428 85684 20575
6311 10
27773 7148 46479 38003 84545 64873 25522 31774 71354 32713
5902 10
66572 80440 13882 46308 57713 71697 94010 72382 78206 45185
9973 10
96023 13220 39969 57987 29936 50537 36206 27456 64736 90739
5986 9
78087 78418 83074 51960 94862 85267 54856 15093 95992
8013 10
49436 7601 19677 90754 2724 92429 30712 88115 95446 38418
8331 10
77682 85724 7175 55016 59635 55685 64555 59129 96110 61338
1398 10
71515 68616 71375 53546 99371 76576 19404 75665 62751 103
2931 10
57801 63373 91223 48690 59672 43391 37072 13290 39349 33429
2555 10
73382 71611 46674 48572 51614 21467 62196 47562 1962 47996
8836 10
89499 24580 34214 68117 76790 19360 66965 51908 58601 70580
6908 10
34065 10183 50819 22853 61145 62457 73471 63169 27705 73523
