67
28 382
94988 89912 3247 54977 97677 29589 18920 18683 50221 71187 2400 30264 8932 82336 29901 16770 65789 92459 24411 97963 92264 17594 50268 64667 46587 85889 30515 46499 86964 43862 72902 21500 87780 20486 84312 13201 7734 30750 17584 81330 956 44903 47959 69324 41067 99507 29042 50307 75419 44455 44211 48660 23815 64697 40733 96444 91492 29888 92839 71675 58542 2300 52613 24905 97254 4492 25581 38361 20067 76986 93225 93801 82835 92099 77704 69448 60730 71654 14453 70751 41598 39064 13678 72410 35580 2974 17244 86920 65445 98724 21568 14444 22546 90531 5464 15545 62938 3148 23923 26976 40121 2639 40754 32498 92089 67651 50693 34358 45152 8276 38928 4757 7096 79080 84172 72215 83270 23348 31720 2683 34931 91859 25945 64553 60389 68409 2351 11271 66046 75813 80153 33259 67645 17265 60486 88215 32127 14071 63485 50588 86294 54052 10958 36801 31768 71868 12172 39462 22254 93599 58897 69763 36814 91719 33401 97521 45771 26517 91867 92609 34102 76381 46399 25155 20894 42693 63678 26956 6304 50957 70002 24881 5859 81040 11371 670 7252 46392 13093 9017 61784 63708 50253 40763 23864 54249 86971 22970 83311 72510 9141 16447 74866 50769 72577 47498 8660 57648 65 33174 36559 57724 11476 549 6242 32894 23012 32568 60210 31672 83027 61206 48655 58715 52890 12942 65021 953 36099 98751 71539 92226 65360 64071 53700 79126 46505 77652 54053 16257 53209 1886 52901 24695 3726 28742 50338 1178 74002 69964 1827 21955 36938 23930 96635 54054 21425 77616 18610 60281 83154 1930 58836 53690 23583 72289 51511 9735 28760 81893 40403 75005 94962 35848 93959 18762 10394 48019 97026 27397 80622 87787 8831 32395 15406 33810 66911 76027 69740 14143 65353 75933 59126 38599 54692 80649 87816 94717 74829 43069 8894 65744 51149 2597 71863 40946 7188 52846 10172 57018 86998 25460 43568 50430 57209 39343 53534 78667 16336 9742 68703 68502 71170 84953 67566 9506 88414 22958 34782 36232 68585 68807 62705 24171 36978 69445 33175 72372 40668 62436 16285 67615 97619 41875 41388 91391 28677 94687 38758 52743 69552 33166 14684 39431 80226 17240 87128 92892 26838 65533 97309 64616 62354 29819 63242 85001 11696 12855 36252 22552 14685 66203 14963 11840 97616 8546 2543 76444 56715 18144 96084 43228 51774 28357 9810 50004 52653 97029 15542 30860 28861 22050
198 4
43277 85926 67461 72862
13 2
27540 35977
2 42
4967 31577 20417 94531 33458 25309 28336 81648 18725 14231 56751 40238 91892 92753 46105 80121 75008 61729 3694 15822 22850 37448 57618 990 94927 80013 29076 15378 47713 28678 9816 32282 21110 63065 7988 18731 20070 73076 94929 4797 64189 59076
341 126
2310 19692 66431 29000 68165 4105 43070 24792 44119 89563 7337 20347 58013 56784 61447 12091 14836 35543 49397 91236 84457 78504 6067 25010 19750 7692 22436 49126 12710 85489 61071 67848 86710 22584 14780 30553 1748 22573 53654 46889 95907 75772 51085 74611 5364 60032 7179 92431 12380 90078 38255 71308 48060 72513 16991 98711 63895 44657 28734 48722 75715 28840 45193 51588 5833 87751 21654 94158 43371 10858 68469 5531 7386 19563 3639 17687 74441 86685 21145 61612 43382 31210 51393 37193 65594 34033 3737 23600 73279 67863 36129 23903 43737 20099 48171 78848 21734 23306 79023 8588 99303 63250 84051 84171 27539 21177 84023 25253 37249 47458 26655 78635 92745 80379 14633 9595 44689 29940 40966 53996 96614 45129 41301 65482 14686 28003
14 326
1968 51502 58155 92468 2938 98414 19019 43543 9458 73444 55925 24625 12177 74619 43779 26927 95454 49576 97696 41030 95458 63256 84153 72065 49379 23758 34797 18069 78629 72217 42288 7921 16841 32644 22302 20268 18857 1932 87879 65062 81179 94230 21286 75463 73009 11990 91814 90399 23233 54065 86532 10910 90912 2625 9684 71146 87647 75088 83438 42697 75947 31658 5453 44847 81065 85107 70565 7329 48305 74402 51709 19350 47396 17597 91467 79791 8324 10111 4142 76609 21066 7494 62804 88025 16805 94606 56470 60846 46011 75879 27805 41422 87652 28950 62979 91649 74436 1920 3085 66087 42305 67927 57773 14861 46386 14198 46980 8134 51080 76451 28025 33114 665 80308 30438 47721 91002 94416 18012 94599 83585 1643 11120 88598 7382 11408 93754 84742 76897 75711 932 92255 87911 18161 23312 21603 69955 27838 95501 48561 75399 89729 13862 82916 29953 6875 36494 47453 3345 14234 82445 75207 3531 47240 83139 61989 20885 23769 61250 43370 69252 31206 73800 95085 81158 12209 46881 84768 18881 84072 3514 85613 6060 97984 43241 2636 92913 67345 64971 21768 79283 19024 41117 96464 53499 83430 10857 5231 83418 50766 63230 31409 17743 77024 2363 37632 88311 55883 34089 63629 34426 11674 60998 16565 3112 6108 81800 57127 78510 17850 31162 85436 26530 94046 55382 93413 12848 47387 97442 56561 26073 71783 32304 73513 10407 41233 54285 71722 11247 69919 62190 39065 42097 6243 9596 91508 90441 77838 94822 33305 54578 22231 5417 80380 32396 7269 98911 47280 36710 54762 74532 48564 37925 12517 80469 26865 64719 5601 85983 4707 3835 18462 28804 30360 34011 68440 89090 70194 74694 31555 1987 50189 36066 41946 16149 37960 58331 91003 16881 76371 98466 52197 59559 5219 71155 21383 746 74785 56207 82653 93728 7431 6390 13167 77683 23810 65519 95669 29266 98994 59028 64741 5053 83481 82290 98280 55805 99127 61163 4548 15094 61263 76221 49327 58053 8215 87853 14154 33835 29672 57497 12174 56378 49314 5889 76627
24 306
64216 53086 12157 65966 15241 37544 30426 93518 44118 11379 41440 67476 34659 66529 91770 41466 44512 48168 52861 77008 80884 57530 47828 69326 86479 40796 74083 85961 61671 44116 10246 50717 49464 26035 41805 1460 46500 35663 5424 34227 63420 54536 20526 57054 19917 61403 97311 24468 99663 11396 57421 18389 36853 26277 10675 53962 99585 68383 57363 58704 46611 1209 52964 34763 53686 59034 79726 50425 74054 64677 60675 78069 53984 37966 26771 58035 2620 92422 94370 84825 36376 21668 23374 73409 31907 19517 25894 18706 74106 58569 34878 25373 11034 58000 69166 78064 76560 89272 10479 5467 77713 58869 58326 22717 83546 88361 89341 16276 85196 15633 36138 40047 21325 82340 74458 92145 11800 74271 42597 44364 49410 46768 71689 17210 29406 15573 6453 91517 99904 92910 55437 51563 14136 42828 99944 36702 9565 19078 35002 56449 26899 45806 5459 75962 39323 39591 35726 25695 469 80028 95486 86787 78322 5139 91223 83738 94942 80094 57711 58999 95509 49151 55365 29008 19431 53749 81195 52494 17266 38261 86407 49982 74507 41975 47558 16332 14510 33625 76263 69758 55813 82747 26975 49299 9960 43455 67404 64771 67797 37013 28971 74655 86555 91530 77092 48838 80061 14820 37847 70750 83038 96558 51748 28271 88276 4312 12863 40926 41316 81721 29535 14427 5479 71939 70597 45938 54648 14938 45963 1994 35930 70864 43667 31575 1659 25048 1959 52955 15677 25197 59322 15909 48834 79618 27031 94675 20733 82062 74403 92774 29880 28802 68744 82918 37104 65636 7136 19077 96202 19349 55262 30450 29470 10870 69807 41128 68859 30985 36327 21706 9066 55222 61868 20734 31121 35720 17531 9670 68378 3417 81944 47852 41824 18149 18131 52920 86860 34533 78257 309 48832 28727 68567 15021 66589 35067 90477 42311 71067 63047 3113 28976 6607 53496 7603 1898 87823 92013 36265 13285 45259 45750 35895 74510 84280 35385
37 304
50583 66008 25835 35364 50289 91657 79063 65469 28313 74031 16246 74466 31615 49396 64920 56514 69225 63931 45039 47408 17978 47401 87943 58089 90508 87757 21047 35604 54282 4560 94785 41234 63988 52692 38825 76155 86552 18051 88771 97915 83605 57355 26680 12339 30108 82443 56937 84894 63402 88422 56645 56382 91327 64738 80911 59864 85811 22817 85569 89511 14493 84857 31280 58171 27587 82456 96036 47066 66198 50961 88640 92756 41757 49948 4013 48108 42857 58570 12479 82819 49184 59607 25645 81137 15202 18989 26138 57423 20776 35469 55337 39813 36518 1903 89940 54548 22732 26548 48535 4354 33623 30475 40497 96840 71328 95601 22759 58947 44900 90339 37100 34551 35610 96502 68743 81087 81050 60280 16869 98307 36258 92419 17981 27158 51696 10105 49750 94565 24132 65032 14189 70548 5780 67938 61490 87541 30163 19014 4615 56364 58476 56802 30763 44663 36150 50575 50795 29389 43616 97978 33365 44288 66090 51527 58774 51712 57427 10025 75872 3640 55272 64070 98022 31535 87726 30025 19114 36635 69667 85108 7651 86317 91230 15486 24538 6199 4259 13419 5727 49169 41173 42158 3377 87548 17462 53625 88742 74920 33520 8170 31992 13983 25341 47237 10050 86272 32841 79647 2348 98046 97449 49492 71588 87461 2073 67428 53845 42998 40775 44678 97485 48888 27692 94910 84100 58977 19399 21274 98780 35470 83723 49631 75731 17761 56376 23759 28305 93653 1072 82357 74524 38527 34343 10204 36636 86318 75709 23492 93078 26243 96264 55330 5432 4488 80 37336 19482 45413 6287 67666 20096 57061 16209 93566 3707 63104 59798 89089 19027 27066 87332 90336 45302 18079 2859 36394 6895 24587 56774 53948 48673 35542 66684 26925 54241 53429 70567 56914 24982 18030 14638 7561 81114 62616 84176 54466 84900 66132 71971 24949 71122 54533 86913 69547 80624 23228 50321 44252 91396 53201 52099 66866 93086 7373
10 288
6100 45531 576 88451 42416 31021 87189 85654 96370 43686 8427 28920 15481 46376 61714 84146 89312 40921 42793 78267 76430 15393 54106 25116 34993 95583 40416 85747 84316 60920 30029 25262 12367 28921 69427 44857 74541 86896 59708 39311 95392 16027 79388 17202 70381 36378 57697 50032 85304 30551 57287 99763 25617 39921 38181 58766 20333 73988 20422 39327 10167 72441 24407 83449 34244 73101 14911 85242 12571 30867 5675 999 9087 85606 84300 45269 47077 62063 64399 725 81938 55627 43237 34299 20172 95195 6133 30388 68921 50120 28204 78903 48460 93513 15233 46942 64589 10828 34944 78842 37307 13326 18732 54338 93641 56941 87352 74469 45226 46615 13134 25459 30056 47710 7318 92120 22566 77920 55825 31669 93354 15000 24098 45988 73676 12129 12953 71504 42445 40126 76808 26365 37181 15043 79570 69080 36391 14129 69463 77717 6953 45235 42668 30612 31350 90969 20323 49479 78594 74119 82184 7745 4741 84242 48598 26319 86156 46702 76568 86370 40324 70825 81383 6520 62015 22431 9156 168 2296 59091 31629 33057 3972 22745 18345 49365 67412 36546 40743 72225 21832 27716 16703 36403 30688 86880 5693 59587 32740 74115 27121 53072 60939 31546 89342 99956 77223 43302 22742 9363 37524 82970 79926 93457 46711 37446 25963 39219 29249 89592 65059 9989 70303 82662 15159 18290 39445 36905 63480 67606 72644 74933 57983 23646 77069 44294 6244 67417 88671 41449 47565 47856 15703 7905 62351 95880 80657 38095 9504 29379 83125 12068 50281 50442 17268 4257 1120 7708 91079 27934 79211 47629 17359 14238 23021 79827 36650 19831 79850 90872 50437 12427 74720 95090 23505 46271 30884 88118 23547 10798 56866 1352 11783 77921 64565 44835 57206 56315 82781 46187 58594 72858 42147 12760 60074 32461 88287 35897
27 286
11962 48688 40689 9444 11489 72891 40628 18210 99850 55834 61488 2425 6556 13614 5837 60881 48201 58487 1387 52942 87437 31041 95971 71449 63945 72794 15275 60194 53221 8551 14915 21533 19912 66789 65100 20142 71562 89356 3037 52098 6790 99898 50730 47310 15517 1477 51399 83355 36395 23675 39425 18349 80607 3036 61839 96061 47708 41375 52648 75837 27164 20729 73124 99182 70204 35985 38818 25093 54093 41306 41023 58666 57639 36513 33805 80795 15063 71199 59904 75257 85359 63955 20137 57566 87012 24246 26179 43105 37604 20955 7413 54030 42488 98908 64910 93708 64352 55397 52939 94534 80367 93798 32580 91082 75826 43685 99175 56680 81064 33138 11725 1792 89381 29054 32584 1189 1291 22303 82398 73940 82393 78359 7242 77855 20965 7392 128 13467 69499 55238 58829 48497 49784 83101 57758 14537 68573 56073 76130 80293 83888 10507 85414 50655 21995 59761 29509 13216 97817 92067 88038 94892 31782 52016 30727 48232 78141 98723 70891 64446 69575 28648 21091 83048 57244 90806 84659 52619 68733 67554 13492 68424 20007 95212 93619 78307 27896 95481 48122 54556 68106 96048 76199 79639 97537 85520 93025 7419 68265 54220 37148 48763 68772 52041 66109 83507 91932 31740 39742 89537 2698 15968 2722 25784 38530 3098 59784 94141 44122 67492 98645 40922 28660 67840 89139 73527 75981 87246 46876 41675 45609 4765 89498 2064 43783 3553 13117 84963 33947 45051 55102 24341 73810 77867 96887 18505 62655 79892 52293 39386 80169 12982 84476 28287 14991 14085 11756 66081 45610 28624 6899 3898 4417 89552 43944 20157 16224 59037 43703 82545 70039 35236 24926 37508 66648 24996 19887 11626 42309 38710 53914 1509 48020 83271 60028 52726 73052 86786 6427 30407 15893 33139 27555 27190 95061 7033
33 278
27785 8608 27073 24606 12405 30964 81419 1667 39007 99583 37500 52338 97919 60906 60949 45142 94172 79483 2789 73556 62477 48933 59098 18116 87833 47747 42774 57751 73678 77422 73543 4918 90171 33564 64756 65713 19530 17510 46213 45721 77056 61212 79203 46085 10950 86995 1537 77762 67901 41507 41082 26694 92278 82649 48393 36627 10803 38945 99223 92475 61418 26553 72038 9723 28488 77257 96142 77074 27269 54987 88888 68675 83011 38975 97775 85155 14449 8072 23633 80684 18183 67596 22509 48476 79784 2557 52835 32454 34138 55948 10764 36538 14000 89146 84574 47935 84140 6919 92195 7182 39734 37582 61946 8770 38895 21526 57017 20679 27583 16233 89557 71374 50881 35226 56507 32160 94191 99543 17756 14891 42020 59208 98398 13268 73468 84102 14397 53253 23396 75105 19893 73325 46263 40774 17729 43791 9783 32198 47402 38731 6439 64905 19103 90205 80759 55427 25482 35141 82863 24854 77820 63132 94341 33133 51088 28089 1419 8111 69898 38033 96513 88272 7218 13387 94087 61484 81964 42770 63685 85291 7516 94834 8951 99428 3557 88046 96903 92238 21075 8776 18676 61347 26623 65825 15972 39266 14056 11403 40556 14344 53149 41707 7527 3997 96677 42661 23090 71347 5618 70385 7071 27014 64383 10778 9985 15674 10836 1006 65093 62374 71921 95099 47849 79481 67757 49799 34809 50978 39699 51277 65094 4808 91455 51954 60027 43150 62426 48693 17033 53509 98021 34980 80969 89416 16331 13450 95691 45901 90248 9031 22655 54235 97640 35285 29203 52962 39693 24455 84563 78175 46518 66422 83631 35254 12987 96695 57790 74727 55129 18700 30981 86550 51941 4002 35166 61436 67583 99796 38586 36893 94318 92249 36063 23177 50597 84720 48790 16100
21 274
6246 33763 81491 63175 90995 27488 1710 88989 63215 66247 8796 23791 78154 79214 70596 77613 81066 34691 26677 11193 92674 46222 59896 74854 93343 90824 71370 20207 92999 37701 11337 90943 26496 43956 96417 4416 45592 87838 20824 1169 77218 80252 77979 59691 10676 66387 52028 34129 15604 76219 39702 83485 49258 46939 92168 9592 2742 5006 92058 17236 21280 94069 55831 29237 50460 93796 76677 69990 92742 17053 81896 99692 77397 22307 49916 41394 77537 80326 66644 12136 36135 39325 40890 83832 46246 2720 83318 52359 97738 29104 76606 21223 82344 10263 68085 41346 13321 24365 22343 7574 4219 68562 23317 62828 8107 23655 91218 30644 80597 62922 47930 30487 6117 27585 63615 18135 30855 73730 63938 44596 3337 33049 8747 2051 62839 67299 61863 59246 81319 12369 42165 37688 4058 29198 10624 31548 60502 20251 7501 83672 13390 1547 82199 23915 65951 57915 48205 922 77201 28138 51209 22090 39541 53154 84149 62329 30104 4919 60909 31974 31083 22216 72811 93353 11258 14935 55621 47030 59720 69847 759 58086 23740 11497 90015 37073 16936 43989 17059 20655 51031 19 8970 50707 71302 42732 40582 73517 50874 73455 79563 23513 84424 50504 78169 85588 98096 59108 84732 186 89170 85694 6054 47008 30015 32550 48137 45357 92489 89246 63371 82196 34441 58873 65532 56564 85312 64101 74254 70508 72989 59652 91808 49949 13053 26741 45708 51480 59483 15820 6435 56816 37907 90960 17715 42044 92546 13171 11505 67994 86249 54158 5026 40391 61178 59436 47939 1493 34972 93407 71886 16658 61360 3660 28934 36098 354 25437 6538 33464 18545 46577 10692 7756 44633 8447 72370 50097 47350 85025 63111 54718 51178 30653
18 254
65553 91656 61192 50977 99743 80708 72008 43167 42993 93222 9063 96879 64859 82885 64923 37514 65893 72043 22694 23826 7009 56714 27307 39250 82652 83966 78218 61666 34185 45206 10619 44156 76327 12079 57191 75502 33960 21127 73935 6527 3985 26961 23676 26323 76964 68664 69748 96793 94175 61492 45887 34443 13098 16862 33717 18293 71946 69670 73823 88777 6173 47118 33325 57864 90274 63304 43401 14954 56179 29138 26225 31182 40425 4901 29113 57361 82373 69242 85923 42825 28176 76668 6762 95510 36744 33141 47697 4437 42237 63944 96762 11404 84545 78466 5770 84571 50126 3418 658 22756 39108 67920 79560 31166 42396 15763 69599 94775 71205 88846 93791 48023 10540 64212 45096 87500 32055 16924 71056 46832 57852 27639 20465 3895 31268 89851 94241 48867 63764 33890 202 40871 44328 64739 16557 22000 75875 95798 37195 12435 4856 31165 32702 90390 56296 4121 52094 49194 59095 49609 9347 48015 41358 98401 68058 72418 5147 77529 47122 87013 37535 92918 51739 33913 23558 45342 55372 54693 87001 8752 20930 66799 31028 30091 9926 69011 11364 50478 14660 44126 3499 60162 73824 3322 90604 93463 74596 93398 5406 7015 80763 25753 90932 93362 81574 18055 8418 56597 81547 46012 67027 75148 57474 97271 88057 92048 11930 83669 97011 90165 32019 95419 54784 15884 78684 8859 58378 4929 34415 66609 95374 72128 95254 67089 89969 47325 4409 90365 35636 1869 16663 54472 96900 40942 76571 38724 63952 69205 47104 8169 20633 66287 96346 79431 451 87242 87547 36510 49846 49572 74808 80455 86487 43994
0 252
3951 28809 53602 53941 48814 45358 80118 28604 11007 15755 35444 25170 65211 1177 62860 27615 35319 84835 59278 42434 89805 81264 60041 20380 71381 54810 84637 5683 94267 4731 72715 6973 65856 86242 77669 89610 11917 3313 34608 46257 91648 17983 39752 99650 80160 54534 34505 84991 18369 75458 65316 3342 35983 95567 34541 38494 20438 67555 99630 96897 93817 8024 28322 71846 45572 42800 83261 99567 19369 48946 29655 10284 14769 52090 59703 54633 96284 6093 85982 20886 40455 8930 86227 52050 13782 71589 21671 52583 35512 6600 88953 1734 80909 45680 64658 2500 37116 93968 74985 41060 74784 35661 41289 37567 693 77763 67516 38069 23954 42126 89917 9027 50317 93442 30262 73467 50872 42332 6580 44616 32366 69055 50047 7292 42557 85336 23462 12286 5610 42234 97495 92963 26528 986 38677 71630 31633 22510 7180 76197 81797 39635 36490 50625 13975 12749 55326 52906 89497 86342 63263 22580 4290 39496 51722 34373 72752 2885 14100 82252 56286 24972 38183 35197 4476 40929 28683 12261 18709 80354 62989 8602 50592 76166 44402 83834 43162 45410 80191 32237 8351 7072 43658 56984 27656 39973 44167 25592 92380 40061 3066 386 38880 67463 29026 19265 63214 29259 74214 50618 52465 70371 25685 63100 66827 97566 9591 30623 92730 85368 44902 36651 2797 98726 52440 1970 48125 91345 54664 4213 27863 25355 43297 47044 42729 80092 2407 60979 9441 82801 55913 58636 2926 5325 71126 33315 34352 75179 37903 10108 43074 86636 22260 92397 30769 75985 77738 45717 62548 96727 41469 593
31 246
84387 48614 42871 54174 49970 9712 32206 72377 8279 17689 77231 45106 96263 68293 76474 43896 67827 96574 43305 27096 62738 40671 28842 4564 7206 76002 32030 59371 23038 51582 4283 88695 41167 80747 51788 45368 97170 67839 91671 54769 17427 85263 39668 54291 75142 16212 30112 64861 77412 68992 3927 41733 11319 91281 5465 93273 20673 50247 56782 6993 2072 38425 94723 86083 53596 84882 18863 27642 39269 57146 99194 9258 5115 92450 49591 15462 66966 52436 98548 13125 25149 5300 90333 3073 667 74420 35723 24234 77824 37846 11884 64744 64281 14176 29152 9338 57844 53494 60629 20213 66236 70837 83268 95144 71698 83916 64162 19875 76962 35468 49181 1673 29740 90116 70468 4848 73230 57461 62714 30174 98364 97151 41605 66133 74050 89622 68764 50976 7410 64648 37859 840 66865 92055 81539 12338 98968 20378 69703 12968 46196 70748 57379 98858 9916 98443 55306 86881 37972 61237 26400 23347 61432 81649 57437 51736 18279 76004 76059 24743 66307 4819 28585 61919 67201 36995 73290 4092 16208 32645 37725 24739 15108 91629 29921 60550 63499 54494 97463 80432 78880 62218 78075 75222 11716 99349 12027 79949 60450 44810 20828 63357 16785 59084 12457 35343 94972 44094 30081 34411 80979 12832 6819 2993 75624 30970 45720 22459 96981 1973 23144 61564 19061 15387 14929 45582 36745 98359 72543 69835 66834 33008 23624 68559 58127 16616 23245 33381 24381 61433 22150 36762 35186 12333 23736 3389 99912 14914 9216 88733 93158 63397 78132 55534 48871 66204
316 220
34616 75062 47273 56212 77505 7426 96874 87306 27590 71260 48810 32542 8676 72022 1988 31953 94497 98893 81348 60397 96728 33556 2137 94807 3179 84755 43744 48088 77214 49335 66694 77059 85097 26928 65990 14244 20489 83034 74530 71317 28111 83915 3889 45114 32457 96259 1591 75078 91318 89386 11097 88947 40476 37633 1333 44132 54607 62644 73761 13679 70737 66571 49042 2659 55032 79996 20740 26226 77078 4095 61631 11253 55697 18495 94774 86660 2640 57317 95325 79323 9794 54039 16725 33313 81105 58413 21621 52935 52354 74885 72445 32462 38922 7152 32506 88578 32913 81878 40043 1910 76449 20767 36348 52101 53297 50445 38193 89781 56351 79359 54001 27335 28442 18096 29640 55024 76573 37133 8446 80375 50413 52317 87682 59102 77494 6539 61658 41902 38150 10299 69617 23895 84170 94703 70723 56828 3612 72918 73265 92513 11938 84200 76779 93231 37184 66072 1853 68985 71013 93756 21251 41591 47637 40782 15368 19578 21900 12678 49629 13219 47767 9030 28034 38603 76044 71680 51018 93847 98292 68083 80578 94063 45738 12078 48626 77926 42129 74448 90317 24752 56026 30606 59112 91004 26255 44721 99688 7726 65175 34360 29628 87109 13769 9600 17371 19065 5903 16497 4066 55689 11698 46041 64358 88757 48515 64904 20218 26310 55014 47075 71985 11376 68092 65157 51259 89330 45424 92734 19235 55874
49 29
13650 46198 75692 79600 85206 75200 5839 31203 51487 26840 93232 65489 9618 64456 41777 4463 6779 98830 30959 73953 48584 89403 57247 50481 27227 76864 27350 31512 89548
566 261
67314 85408 47370 55955 31871 4269 86104 79350 42859 88139 64084 33170 84881 75113 13058 46658 70364 52612 89540 57091 93751 62017 31570 24020 45976 89339 13036 10914 55920 79072 88308 83262 32469 44570 51309 21166 87115 45995 44497 37223 53186 52344 23102 30456 29173 71595 23414 64462 79347 65214 79723 43804 81209 14459 11568 73131 68212 80431 27138 32918 10795 2562 78644 61947 67835 67466 38700 34835 60690 83077 35619 68134 77085 21511 44515 70821 30784 85576 41275 26796 19485 4776 53576 92224 32884 14401 43912 83153 49209 26692 79809 76704 7865 93532 84436 17664 12567 36530 43760 57183 17162 12161 28807 80915 15174 61622 89359 41416 99075 10859 89054 86903 17155 2696 23438 45383 72086 81981 93334 53615 7294 89461 38833 10252 82565 26337 38845 55965 13588 98228 6814 82463 6201 18260 17678 29537 86373 50364 25196 4596 75134 58 38343 62033 76846 59085 36108 17797 94733 49086 5854 53685 84832 97940 74904 52544 12082 65566 52841 71953 94034 55025 39586 90698 76602 67933 24002 99039 40963 42756 39313 59066 41392 14435 90315 70584 74061 31833 98614 39523 83768 79702 80697 16914 38264 58922 94815 68975 62935 79782 14134 37734 32065 51660 89095 74626 25775 78805 17376 4985 70079 54034 967 54256 11029 83308 75390 34779 24154 71949 14613 85866 66836 16165 94965 17968 71764 10603 8829 64831 86163 56063 86022 71632 14046 16318 34962 58455 87725 33046 3721 48711 34484 912 75673 23224 81532 13716 92906 89825 1450 71482 64974 14515 67760 91797 13037 35763 70501 1340 91343 80289 37463 62445 31234 904 63239 53337 48112 8392 60113
70 7
46955 59038 39147 69450 12609 64693 51218
17 204
45257 1075 9494 54346 58179 12761 57031 2883 68736 97155 43542 21039 64471 1375 13368 23586 40771 42214 17022 44202 69785 1208 93812 82436 49423 89017 55693 29555 79528 48986 56261 23031 1676 41957 32998 838 74398 76206 24725 72047 25555 7099 16466 6462 66474 69844 40695 66744 13807 58614 20101 60650 8856 16313 26856 61109 4490 8434 34249 69707 80808 35595 42969 43758 95172 88110 64074 45815 86766 6625 63203 99972 64630 18524 42473 22596 97369 28504 86571 98799 8923 9711 90720 89776 43839 57262 87846 28770 66108 40099 95859 51414 15212 45392 34977 7743 78454 63255 59233 85888 24724 18883 72784 53958 38879 42387 20111 88033 78596 87428 46116 87792 13322 4974 51143 24612 21772 83220 90044 29925 32380 26097 25367 11596 73846 56608 21641 68226 35503 84283 602 48275 36109 30762 97204 94971 30239 19144 62907 49851 18025 17536 73534 56353 51340 45956 48175 61126 25223 65942 92816 13041 21272 21007 95623 40780 91946 69430 35411 64259 98775 99491 18906 13287 54453 12725 31762 58810 30193 69965 63271 59288 69295 53834 21609 41308 41044 86323 87135 7985 44791 81937 28225 37637 88155 34900 19125 34915 43222 95571 79981 48214 4170 96489 2110 24675 99689 93184 77331 79238 68150 23106 62295 36466
233 69
72800 12612 98639 88769 47390 88461 28283 95770 84370 71385 15738 6489 63762 69606 83721 14044 53928 17990 26943 13953 48126 73002 49723 83716 96984 28073 20353 44501 72359 52542 26491 41182 1602 10642 34989 82027 77384 58864 22883 67783 48463 72822 39377 67116 76529 61684 54594 38056 50994 24361 18886 82651 49919 19845 18159 6552 45297 29566 84936 89884 61363 68014 58815 62034 23855 80620 75648 95929 65203
151 122
1063 72914 93278 42289 66577 50463 57737 22172 89981 81440 81887 12227 85343 94073 20367 95672 93964 60018 52268 70890 52060 59133 99426 74518 60878 45422 3882 83675 94817 66306 62966 74962 61952 99968 61361 24814 13695 19488 34736 21629 11511 31445 86068 46008 39443 63638 8362 86658 61090 54504 53402 46573 13018 50659 2800 46808 73117 71854 91127 85084 74481 38154 42330 67648 55047 90639 33737 53118 94143 18503 22487 83053 98821 12831 6657 17742 87974 82710 4313 67889 67825 50964 35915 31634 53871 29044 20146 95242 83191 28516 64097 3607 9374 75019 81618 56699 49043 77848 94791 9294 63020 15402 71312 48882 18214 82583 77500 37301 61686 41121 26883 62501 15891 89276 96155 7687 82793 46133 17215 89720 18087 10983
247 242
15803 37784 83466 73490 302 27410 51349 17221 18815 92882 88748 95742 18458 7212 79457 78817 37909 7127 39952 21281 55451 70328 84388 64668 91819 52806 41616 6149 9032 78734 67032 8015 19004 48029 68275 39128 70382 15520 23214 61103 98462 12823 7017 86347 41484 62240 69548 28673 81081 77831 84497 8576 37601 18703 96077 81041 14647 62659 37165 53575 4412 72690 88256 44660 62403 98139 97409 38159 33659 7608 90272 33422 38304 46276 88865 19458 28519 17615 48353 38252 73243 76569 30317 1384 55300 70526 96541 42658 44359 60012 22237 46338 31024 54144 61950 38201 25173 69260 64826 58844 36574 21947 99985 55420 77581 53179 65517 3305 52535 37740 62942 42475 93517 43654 27050 39204 21304 49751 56536 96904 95838 83131 54973 26137 61834 62255 28050 76900 60597 58993 70370 17817 59828 62713 25235 33871 25440 78211 86962 78785 3619 82294 90324 25232 20787 47968 5372 80935 25874 61556 71494 31733 34092 54123 80824 59424 77547 56814 72824 8597 46717 51145 89797 95473 44607 34474 18729 59772 32431 84174 42805 815 25444 50207 19161 88226 51989 8319 69033 97344 57628 41858 45714 27107 69381 71517 67603 51417 12310 69790 54086 22133 54387 39403 1499 62178 40913 99139 65095 75103 20741 95328 25068 86950 15118 39421 82579 25132 38948 20236 91412 90566 58738 31926 25966 61827 10567 92563 14447 5875 65950 91362 46935 46369 8567 50743 90823 36564 95500 40206 28009 81902 2783 3750 73488 22176 10418 34259 91468 46720 54381 63292
621 653
35347 42834 69942 552 87891 59137 29464 14945 62728 10314 11658 74365 44369 79550 17798 97675 92844 36955 10207 44180 32502 86758 69760 45335 37806 3581 73458 49643 80176 96434 11912 94963 11388 59357 68180 30679 40162 13329 36951 18544 77959 88607 70206 57616 72711 14534 20176 34237 19178 70746 27406 83292 97574 64389 28150 17618 29006 17256 49015 16916 4060 7371 27046 64115 98002 15760 62894 7938 47216 19974 75472 81850 7987 62258 5414 24408 2972 15370 7123 63799 71238 35648 89626 9316 34427 48620 76301 417 27815 77145 76429 69799 74671 64343 30146 56215 38522 76214 1424 16875 84362 10092 22383 93230 68237 39908 78830 62913 61194 25049 82408 11054 78274 58109 29744 85619 36942 72450 48132 33052 76514 33030 64817 26008 64773 44063 66600 58237 70858 92233 75190 26653 4489 79936 79689 23846 45311 70063 3598 356 20214 52696 89625 78811 88941 54942 5609 22673 57757 79753 61496 32792 45606 84410 64587 40397 70716 29210 27742 63817 48987 38856 79472 21643 13504 40553 82073 81339 107 91792 40030 82591 12629 33604 75015 33299 9474 55352 44357 38259 88407 14654 22614 50650 71 79877 84516 53719 19897 79152 66902 21674 1463 19324 54224 84463 62823 24090 41537 23363 76079 40803 90642 76567 54915 95464 1990 50873 81540 59884 37219 77859 862 90278 25407 74665 92011 54526 74185 3668 45138 69902 23527 60133 91489 7510 98532 73625 5661 81117 69909 30564 14245 56619 25115 15784 54654 28632 55660 55247 58673 16312 64950 93259 69235 55704 133 3644 50089 23883 41142 91136 70867 64846 84240 72295 29400 88303 20605 14060 14872 78398 41261 81894 88652 96589 18468 6578 39169 70899 54233 64049 40147 39603 57938 90271 96190 30569 66390 42087 11985 27408 91635 43727 19437 45186 10506 4139 98859 87985 4541 38799 53191 5815 49829 44853 51099 9675 15266 61059 61790 22533 26505 66984 18475 89880 1783 85331 35656 61856 21345 25366 89950 10058 85555 2221 10306 51320 60061 11745 29275 62494 43759 2382 94441 81210 5307 11695 65860 51111 35480 4847 90472 60541 9593 47512 36224 51541 93437 17095 30580 46028 57155 34662 65495 12631 20282 87858 27772 5652 80003 19001 61601 92697 90006 77788 79715 89421 42130 18364 93720 4666 49923 35739 38703 99520 40854 72610 16398 209 78821 21962 587 70918 20199 19385 87935 99238 76830 16169 63064 55136 13133 71003 81680 74708 49656 75814 72488 9241 25055 44334 83140 82218 46867 69958 47100 73732 46625 73172 91507 48983 97657 95769 20355 43421 47191 37205 78622 80817 69510 19353 23409 8419 53775 94478 9217 19032 40331 80780 21342 64482 95806 83480 36802 54637 50880 44781 9569 28364 48236 55283 30465 96168 75761 2093 51505 65780 58804 98175 70270 58435 31494 49357 46123 98704 27425 56062 32076 39334 13834 5892 60165 65849 96947 27892 47597 76643 64785 10663 75037 28345 50759 74404 58316 70311 81960 55692 55490 26864 37598 27337 27402 99141 62582 22597 84408 6442 22208 20602 54160 94195 48017 66335 2906 10516 69008 53986 58571 22591 78009 59634 48511 97473 86258 89745 10460 9888 67081 88249 29620 6379 97936 64129 53867 5475 28203 53932 45256 18877 46301 19425 44495 83552 40069 41351 35293 80996 21875 28115 73198 94331 78634 50905 41456 25265 85873 28483 71165 48582 59363 51166 54727 86073 2037 12601 41084 41025 6121 78637 12582 26213 13941 7239 19222 73234 37874 7892 27423 29588 72037 65815 9069 23687 60176 63074 72630 37299 15260 62682 79394 74243 96030 22346 88732 69176 68704 51922 14340 91178 85200 20743 2415 98843 45244 37199 71064 59206 96641 76492 83405 50483 48932 88362 10469 52368 22852 40040 19844 68086 9772 44940 63150 33511 11149 45220 96590 2914 57873 82442 16001 15698 23040 78472 59391 18521 55281 85404 70089 67544 1660 43916 42852 83345 28288 70322 49610 95098 69820 5788 47974 89190 35747 30872 25754 16070 33348 85232 27056 13108 97866 120 54830 77379 14910 23181 76894 38911 42801 31739 99758 25457 93451 99955 35924 34218 90736 30461 45207 56004 99815 7007 43633
837 301
58029 89298 70953 66825 40411 51683 898 5304 17921 21959 90553 79165 12501 20446 44401 21137 1594 50691 48789 43458 1878 63929 11564 18698 98502 73229 4792 97435 60754 13130 44338 10862 495 23353 27241 45430 77226 19536 22630 98306 88171 21443 16628 76837 11370 48196 91231 94665 69739 97548 46354 41310 27141 19675 98567 54311 10277 6821 83188 56456 91767 26375 67751 46275 59706 23623 96534 38670 92940 7057 2915 61865 92994 78959 45434 30591 1122 49023 13083 20574 4837 79707 74175 29293 5786 23504 33500 83044 24633 612 71071 67098 70593 56842 11742 41879 97140 91582 13898 50210 96405 68036 61892 87358 81677 58071 15750 48148 66754 59859 42727 78701 355 51114 43810 70284 55887 94788 58329 90032 96610 46555 74915 46153 30828 95013 70740 48007 33359 51636 83813 75930 73112 96821 77342 5605 50729 38925 68313 87235 8599 56369 73574 4815 39628 68622 42295 75348 57139 38610 66520 14883 37310 62496 82104 22963 83868 88425 10763 57382 57901 10845 91615 78651 12611 3746 7963 90920 48670 1739 25107 69554 92662 11304 86802 81051 91700 28790 12340 21885 33031 31593 74204 27533 92955 50131 28190 66399 89724 5872 74388 37465 11713 6531 94440 36856 62416 49924 51750 7818 98121 93949 56875 17223 83693 79846 87026 76839 70113 97636 22788 38793 5398 38126 54520 17286 46699 48433 24253 29634 13698 93688 68011 77050 95398 7102 27414 82711 6768 91260 82721 33334 43960 44411 75149 20328 50827 40783 38296 39630 63975 76963 22570 75377 95148 84372 976 88153 98569 62900 28303 82840 5228 9215 39979 11474 30583 59373 48408 63669 99522 52767 39317 7573 38684 8515 27536 30794 51038 88645 84782 66048 32775 66241 80652 38871 4156 33483 60524 95655 52330 7160 56835 13162 39198 60324 99219 76375 10100 89021 85525 41112 36221 31324 21201 69914 47834 60802 20684 47720 27173
933 643
7703 30684 15611 98420 97701 44949 59202 83803 88981 98281 34648 29457 2984 82372 16635 92206 5487 41810 86813 36889 2354 53273 78548 13576 17583 2628 30055 43863 50475 57856 86809 58133 85142 78177 35998 68963 64106 84526 507 74897 37164 44825 45635 24690 35232 74485 49826 13256 1969 16535 89451 25680 71009 55710 25751 79580 16591 68154 53370 56016 20782 44147 77366 96260 28523 21350 17404 89440 87422 33384 23168 13102 91140 51416 52718 9421 27609 5972 76326 61593 80170 61226 31650 43114 54531 9227 34133 95916 82245 86524 66581 3626 80008 65199 99686 64533 29729 18531 58978 298 96250 59870 97523 21803 21412 44776 37159 4148 51917 96248 88258 85413 19972 8349 1732 90185 12995 19965 69144 31426 43459 46561 62003 94490 32659 70134 3864 79065 7503 18915 37009 12904 21390 82377 51900 60954 40650 71054 40259 11514 18035 38909 17923 26087 62704 716 44128 71809 23442 10773 95062 51230 33394 38157 42892 27446 42997 71951 81931 41860 22917 14278 69826 69291 47264 59522 3859 63268 66377 62335 81644 70297 60479 86705 80819 74613 43263 29428 47037 58649 23062 38217 75046 81412 85145 39671 55767 47442 90905 52910 83280 23899 61394 43099 42701 56874 14111 77070 73403 61184 57163 17481 40075 57426 3628 32328 73963 66284 21465 81745 10962 85461 67669 16230 75611 69917 5241 78162 88114 98467 93338 47480 17700 37830 60024 67647 24419 64041 98220 33376 29057 26855 36149 24513 68389 86547 27263 92815 56974 44763 48139 11558 21898 96214 74810 28307 74970 70816 29920 10840 13465 67864 51828 67808 69805 3188 65324 79964 3575 53231 19152 99308 70456 73541 16550 93673 22656 68117 47999 58976 56544 95459 8154 4647 86910 70352 51332 88560 24353 85813 53680 91529 4327 3766 12231 55303 53841 30852 63433 53501 80295 30781 5130 942 32178 27167 70292 11178 29486 38810 19971 41884 93215 75141 82977 32727 81056 60008 18786 63199 12037 60559 60889 88867 83715 82716 22811 39520 39170 62058 46918 2523 84557 24888 76378 38595 53703 3792 89631 14204 31911 49227 31664 2684 30652 40635 49029 72697 12148 18420 14133 81842 75439 53214 99212 61371 339 44755 93703 21237 70903 14743 75083 71683 39864 4109 35666 47524 8125 11086 94989 53223 49781 75174 76641 791 79435 21791 99976 56516 72078 71072 98855 72545 41599 86805 24846 83133 66676 68324 76280 47465 65497 29926 1371 82570 39275 13488 37837 11789 43454 23098 34072 46202 65582 21314 50294 18250 28110 14084 35898 59343 82569 51839 69219 5113 78126 50613 43750 53810 1820 36116 30696 79824 41759 75397 66485 79765 87820 82654 60105 55239 33144 90056 47375 3712 83614 78455 88924 89939 78966 13876 97224 90663 58779 73852 57428 40805 59394 5613 63563 18966 49662 53907 39778 44976 12675 76792 69732 16156 24762 69693 96658 1411 13198 6873 94220 71188 78946 19059 32427 72640 36293 66967 54315 89642 19542 28062 95513 31704 86113 72724 97301 81126 81361 23997 54373 50384 33780 62485 15141 69573 32059 36809 5007 57280 3656 82230 9190 30069 11734 21769 32813 35961 18760 53144 23931 1803 70132 83348 16740 93074 32472 39816 83925 7972 17055 50904 38298 62006 48662 66385 13177 93828 94188 78059 70668 74480 14292 3977 18795 39647 52475 402 58050 62023 5984 16194 98384 65867 52963 37393 33756 21575 18371 73829 797 1884 48059 79599 98030 2244 80849 47536 5190 98478 79675 72554 368 22644 46169 52740 74450 96335 16534 25713 53636 22408 86009 33173 51235 46017 65084 77018 88984 33866 61404 62993 97424 40828 40362 30760 83623 82133 53583 54909 1085 71257 85265 51278 15645 19749 34460 85472 89320 51622 43268 62811 69070 71014 67957 63382 12739 70783 91365 16040 76978 56334 90616 10991 44693 86239 47662 25346 87598 20415 19802 66542 7449 50695 32783 39726 13907 51656 3602 45483 6546 34520 53328 91562 47680 82283 2455 89652 49036 79953 50042 88269 19102 10379 44583 83141 42304 52347 43116 3448 80986 35395 89811 73768 15319 39568 85522
409 300
21891 76095 31796 20668 77585 57217 81651 29017 81702 23417 26615 97261 77138 76644 89061 51444 57837 78068 53489 14043 97430 79484 91208 36917 59498 1774 79479 94911 69464 37566 95446 32167 86700 70347 429 56032 7995 71220 77904 67752 6958 61561 61069 14823 81533 21152 50063 69052 11681 42760 58197 22221 68300 1095 63318 83802 72795 69238 95121 79881 55244 57367 71038 88829 55574 39598 56123 17338 61656 59640 14107 61189 52658 42773 14052 62941 24316 1468 16131 82423 74574 26446 78715 41360 32856 13024 42743 74465 36305 81744 92444 85908 41181 41545 26107 4372 26441 91062 25769 24545 39753 50308 62334 89275 67804 81176 73687 6710 81244 81784 16011 84978 8789 64573 49121 34597 20044 46186 30535 12477 88837 54452 71584 13684 32474 10185 48054 65002 18778 47187 98740 40129 28384 22768 61959 34274 92558 39991 36851 61932 99017 35582 43716 44931 91818 9791 19263 79839 12257 70989 2162 38807 43082 15187 81585 72750 9930 86559 28988 9228 51050 6914 51964 21187 97691 78587 98713 13429 74988 41014 51334 49363 19472 12588 32963 33430 18381 99513 33532 88188 75408 88463 90997 2829 29695 39801 42046 81949 93088 77559 64966 45372 45676 2004 73984 87441 56547 8572 30851 69730 47527 24087 17062 84829 3512 50335 99931 23010 42112 86152 53861 91139 32930 1692 430 24564 69202 55493 12086 20427 73254 33860 47780 56983 90512 15307 7653 41722 60357 69833 16322 4045 88812 72293 67714 12812 94696 55166 96458 82997 78387 24224 32844 66371 9512 17233 10597 88533 41285 39022 17445 87963 24066 5187 15512 40826 34036 16721 8865 92779 92744 84879 54634 74057 67787 69565 21758 45247 26953 79335 61181 34353 82029 69100 3947 56527 89188 58202 71982 67726 77454 6955 46700 87266 68954 4655 7479 72765 24022 10017 37700 44114 45793 89489 52795 66652 34038 88644 3429 51925
287 164
9965 29838 98323 74733 83956 99468 43785 18581 26991 88198 70709 39026 57540 65283 62664 23075 17174 79448 6939 36940 53116 69041 93572 29027 97557 23727 18616 36084 65462 7926 34710 83291 55734 43526 7472 97529 47019 13247 83110 80781 12745 39010 9076 27473 41916 67967 73564 72011 64273 27209 1009 89864 24774 62117 80567 404 33655 53044 64663 87116 91900 78433 62406 32988 96943 94809 12241 77922 26629 53913 77821 45968 74513 82912 71578 72192 28102 70236 64936 95022 47021 52848 84382 85954 34587 59372 37452 65996 15777 53530 92277 45788 15381 32526 75360 49562 85783 55134 97528 52154 30562 49385 86459 79241 6755 98526 87293 55543 48013 37025 42522 94941 41268 33884 45312 95932 38658 39117 49061 10329 67830 89488 40683 29597 92879 73851 43474 28947 36881 83203 45401 34122 45419 73621 24432 13852 12604 66163 45712 88539 81634 13107 25337 93325 46675 99760 36739 74201 45536 53164 3144 32397 20135 79574 10236 76442 66969 29831 27389 89127 68065 8008 15649 16048
639 699
99960 69203 28779 58065 90514 86254 45638 78709 96375 5688 56747 81524 623 94692 19503 11039 14774 4396 70178 91466 16572 89702 28756 10289 99244 43615 84684 85751 59326 11164 4120 65303 59319 64742 51534 80932 96254 45802 43892 33656 53212 52194 5011 80187 77328 78601 81581 22478 43021 56610 6931 29471 50607 92505 31879 4212 40135 83395 50274 47031 36132 46480 23047 99589 92307 99724 58068 59389 42884 9427 63848 59617 80495 58858 49710 37927 66012 98085 19424 48366 41045 74471 10590 15632 92596 34370 90141 63925 60270 60513 21996 7184 97827 55463 8899 66150 9651 47771 24940 28164 60075 32778 53595 27191 82192 58712 66548 89866 23045 96019 90041 93040 10718 61446 58465 25958 78263 73705 80831 30251 41636 64385 97890 97712 810 53369 48194 88517 20475 27921 19964 65604 18023 81243 17616 83590 76277 8099 57234 52143 59900 82486 46525 50306 87671 23525 3106 36622 40247 41512 44279 38074 68384 20421 30414 60715 92904 64294 88322 38718 93636 78919 70173 4434 88523 7228 31391 96619 78620 69451 73294 85786 75656 47568 26171 15273 36219 7536 20993 88806 99907 9203 75751 94277 86932 55264 65543 63695 24627 44511 70225 96281 3940 94095 90609 47745 54424 99081 20479 6041 50450 65710 61778 9298 91634 96562 96850 79474 7425 18939 50902 22810 4466 3204 46065 92362 80235 97603 65629 98468 93918 51962 86723 61143 30363 51841 99986 82500 54992 92295 64762 22971 73989 66633 58281 62581 84071 19936 9114 8983 34757 57405 39207 23853 95831 91124 53436 39617 43353 33708 73412 9277 31406 92296 80522 89432 41109 28530 11081 55223 8969 63238 30555 80551 22039 88744 13497 76844 35611 90038 10837 94078 64272 65493 73528 35245 91850 66365 11477 38502 45730 79543 11052 55760 35352 63378 76946 57151 18489 21785 40709 9787 72353 51201 23950 54698 44875 59563 23140 96066 90125 32234 76645 94628 59783 50846 63891 4329 78328 6658 69981 39211 65776 53630 44358 80634 78004 96758 78569 14421 92501 65485 71624 74053 42089 90760 24970 65933 60425 33398 11356 58592 30444 12815 62956 39912 72209 18477 14152 68576 29897 96754 17518 94222 97447 57051 5157 33007 64282 61075 80208 78511 84032 29680 50469 52115 18309 17581 89059 93295 78187 84291 1309 49814 67145 95525 9578 79368 12123 68601 46111 98736 11022 30811 83062 53391 44592 52824 73502 31276 1864 53718 1986 45454 78046 87161 61615 48115 1642 23670 24781 55315 36691 32672 7221 31569 16856 83015 62424 96206 48014 27500 85692 33026 7474 39815 42048 50771 66161 11217 28429 91557 23077 79129 36768 81926 33146 68795 22739 52084 95982 33827 65063 37653 97622 12916 71148 82194 54899 7485 54561 51559 81213 62988 62122 3876 11180 70325 60558 8363 46094 99051 84977 86918 97039 37771 5590 5975 99350 61638 25801 2347 79452 88446 19496 22410 15597 29415 31919 91632 7170 2144 18220 24771 80813 28159 38682 29009 98964 1136 36122 57011 38205 63220 57315 4293 11316 97634 19612 66068 4210 55073 96407 40178 23141 47956 85080 37224 51335 55595 19640 17554 71560 67147 99313 78617 9824 30387 9771 92417 74222 43067 33217 17645 83404 43182 74385 69797 40481 18242 34473 27359 67988 24966 51809 70563 45059 4782 30568 25605 28829 47354 4107 83067 73914 85462 67999 7004 51514 18640 75644 49679 83018 89040 34632 94716 12777 32973 67323 28360 28600 77699 49345 90636 97063 92926 28328 36249 41429 59487 96356 29706 59365 89816 47064 11222 95578 17088 30242 75823 16254 97012 64718 71612 52731 97867 69182 90588 2756 80026 63718 73170 50818 96100 86345 46749 87972 74911 90535 30980 25178 13933 3860 85111 17952 32569 77486 89885 38914 25556 55210 68920 53125 52869 59612 56826 53858 23609 72797 61902 41133 9072 66914 28200 22624 8570 5818 43570 91907 75381 26051 21365 58119 20721 63436 24529 42021 20395 465 82921 63535 47049 57422 48897 483 13092 65770 80409 59891 30266 73010 30451 28398 70683 32712 34929 43291 67068 60944 6282 68310 95364 41994 96180 41065 85251 71026 73218 22377 26561 98326 22838 6353 90259 87300 39081 39374 17238 59113 57325 91290 87144 93721 15586 16144 92142 83769 45072 40219 73419 21851 66674 62624 62246 42839 211 66146 61239 54618 82836 23814 83681 6847 12990 71510 88327 58383 56820 4479 19081 72741 61721 46405 33092 88053 50301 34534 75804 67905
904 32
96194 27513 68927 57341 1856 86671 86160 98418 43209 20175 81671 66038 54659 22015 63021 41572 24938 55707 79888 23015 79128 34195 53883 85665 69792 99157 44885 62037 65717 2428 89214 42169
693 551
60467 81102 41089 94340 12319 53365 12266 30795 48289 17224 52832 67337 91042 56918 65521 55176 60175 5360 30820 11211 23668 83731 66512 33369 82467 82260 52773 86853 70560 66330 57020 98906 85915 75524 58633 2504 61414 53292 60327 87503 62239 5787 71761 6590 1205 55327 58080 74155 96462 15965 58046 11274 67235 37676 9009 66064 99576 8238 49212 14917 85744 20757 20583 10722 38194 89362 9606 74536 72048 65292 13155 2796 34439 23252 60682 56867 47203 49179 50796 85163 36625 20687 93992 76111 69297 4160 42924 41444 77227 63838 6518 30026 82690 76471 85916 45681 84453 48721 8933 96339 59543 86304 2650 26980 39707 71666 75338 21018 36720 41753 93993 1246 97042 55158 19985 43868 93094 90534 14183 45726 5134 78558 21524 51919 90395 72883 76591 94630 15291 2895 37323 66184 94293 86937 41732 2619 77930 95614 52931 73751 84807 91232 63010 72987 41211 84380 88479 41661 72888 72433 77546 20907 15082 83826 81012 22224 93822 22073 95671 97329 89166 69566 12187 16791 50351 96004 24454 39419 45914 78385 69646 7741 24595 22021 47074 26042 87679 35326 4627 71702 63193 71703 82295 30803 21749 72546 28502 10684 62891 89795 15970 91509 36752 52336 92531 64113 88959 21965 3103 89259 30376 22705 99984 17982 86879 34799 19076 3 81746 92064 64537 56789 35033 63543 73636 4787 59026 91756 10318 2962 99001 2017 18669 96365 2945 49392 72961 85955 43430 36504 4943 40387 15588 88868 60186 98654 29280 83094 77815 2482 29124 16018 52255 56250 19289 84446 50899 89680 45873 24911 87953 39916 78467 79860 90598 57948 57813 37545 17600 14217 72881 58416 71757 72509 54779 75027 95531 23537 448 62231 94205 55901 20482 19577 14023 14419 52409 78753 7428 25852 12018 3426 70525 30474 51237 34453 8736 23528 38934 22712 45538 54087 60953 91752 55840 86424 52950 65941 41451 26917 20791 83596 46750 32545 50122 98088 98717 76728 28242 5604 84646 9647 76331 81962 75126 49138 86130 31288 41106 2341 96713 48924 29034 77294 8475 69485 89817 55975 4712 50052 90337 98553 64557 36534 8897 17455 14264 96585 71076 4146 34750 50372 3185 44181 22886 46265 98012 2674 93758 65173 54616 81157 73181 8073 12401 92811 54329 87611 31854 14494 39953 2794 68938 77621 67352 237 50718 78436 70576 39014 10348 69577 3775 60517 19258 42161 87962 48479 24064 12625 3486 28459 279 93855 40014 44480 14003 52137 30792 85658 53218 44985 66045 22335 33616 93057 5248 42861 15269 16457 43380 47424 83289 87370 80059 45493 45693 64993 68415 64558 69062 90503 68084 45657 72070 83019 5685 32098 16570 11189 27644 55596 54610 85188 67251 5542 29066 70029 79009 63517 2332 54816 65477 25364 76587 67188 17874 74306 84930 31507 67118 10053 86774 82513 81720 59291 67100 36607 61723 92529 80054 2839 76089 1505 34430 39625 74224 15650 80021 67939 82363 63800 82618 47805 18992 71828 97795 19382 96773 91882 77345 78193 10224 65206 45829 29783 13709 21765 569 34073 99440 69180 26010 91289 15185 42029 87343 90427 92777 7289 60732 30907 68318 97872 13686 94133 29365 86546 89039 7759 95108 42767 65296 82577 32648 55863 44381 58524 36375 97722 15335 93705 55177 79856 44883 59833 98225 14731 26257 35313 59748 44947 19835 72737 13538 1501 83977 58761 31070 22337 90940 26939 36785 58970 25527 41265 60516 6571 71811 57766 22659 24630 90874 14764 34125 10575 98041 65523 42772 64814 92363
589 360
73050 88561 99351 24998 80723 27971 35334 26432 59396 26726 49481 24202 32802 19296 15850 54540 91453 56815 44684 95370 29578 85610 1713 26858 69083 39478 41329 51581 18103 24555 27235 25797 89727 86664 22259 23896 26708 5394 76965 7514 10096 33557 28380 33335 56682 98320 34843 78182 55646 25650 15494 10155 19602 66118 81904 33851 40989 68290 84340 95602 80544 46283 20960 38491 42150 91183 25761 6892 51955 64925 51561 16872 87732 64602 99804 64380 80585 73655 11910 31707 29561 6292 26814 57674 23286 57611 1338 14108 86609 88292 8825 8346 74794 89270 69134 86215 33453 74895 69332 27504 84320 36834 39151 74384 90273 74038 47544 64698 58812 20362 63813 13529 18283 8568 19501 80923 68456 46678 10561 87414 70814 31254 19512 34555 48958 50838 2178 38593 58847 29856 94334 66436 63491 23354 50217 4200 9004 56431 62736 34344 15795 35471 2697 22426 97120 52883 93577 53031 46694 30777 4358 8441 93034 69490 4745 56973 70761 15197 85332 53303 86756 8365 41428 65844 91130 10643 94360 57667 89288 37076 29101 14602 16394 3372 70208 92377 77942 60728 63004 5096 64304 99599 89920 69578 53823 32912 43914 49895 31850 39716 61183 96546 87774 55101 90200 6004 77698 88805 19097 95646 96078 55435 82038 45364 578 62343 80172 14270 82720 31228 90936 71441 31851 30349 45027 54166 124 16197 94027 70766 33711 28066 63980 90844 65843 37946 4755 33165 4491 94263 12075 7638 57632 79353 96010 45791 16526 6216 34119 65908 38587 15596 4515 77767 59462 20150 91864 30282 72057 73530 74449 73850 1618 50397 89791 89974 872 2701 89292 88994 15254 80916 85554 24836 98009 64590 6872 74098 99435 89393 42854 57454 85081 48928 55928 88932 9934 48376 49224 36469 6743 57366 13271 87931 70614 73123 17184 69280 59406 89384 25273 53797 37967 98729 64899 10290 31946 83216 42491 75753 70277 6434 79763 94841 87817 58651 94150 70215 40739 44630 69796 4468 56958 52930 57590 32345 22986 19219 39710 28109 97372 96648 15726 37387 99248 78930 122 70168 26575 31890 55522 41815 29207 37677 53497 5831 47724 80240 25147 23972 84584 4698 75264 85978 2142 58325 46623 10060 85855 55512 26355 84733 61835 21696 88621 28293 84228 77426 16232 22490
611 81
94979 73519 18956 61664 37220 71889 33246 44072 96607 44759 35231 41986 26399 33721 99785 25236 82215 66219 34384 24318 18071 13043 63700 91461 40385 48039 38190 66491 22492 70249 43078 58289 98068 82458 42090 8797 4228 42107 48639 79469 62754 32468 66332 77990 50309 33390 23588 49649 54767 16174 37900 4979 74955 48058 37562 99096 2498 2666 23977 36592 67136 29790 31146 40559 37759 27709 4806 30773 28434 61419 8507 20765 21451 64825 28456 22946 72710 55331 3166 71792 24693
35 138
42403 91112 42865 80315 62469 31696 72305 1972 53825 44833 19130 50071 32176 19119 68376 47182 14827 75236 66343 24428 74035 62415 69441 97960 73247 44867 39298 4642 95597 40740 10893 33482 25809 22156 88650 11038 98788 72948 82826 40463 12098 1504 21930 77261 86411 81156 85241 49150 71437 74478 1695 23319 33609 65000 74313 39504 13207 41955 58499 70513 52141 23154 35369 11812 11035 85014 65631 17586 24859 92482 30742 48258 96389 12390 86498 12403 49004 92162 17222 23162 55915 35997 20289 76150 80444 82515 22137 43819 16933 46530 71185 27275 97769 8866 5020 73783 17346 27596 49840 27728 783 47788 39643 91541 4604 31991 33053 9151 70155 96560 3948 63277 57339 49715 19075 64478 10679 83786 66386 15369 28916 59071 85992 53802 90093 56160 87576 5751 2212 25206 33 82161 64469 89304 41293 63967 76351 16542
715 766
8722 42480 64564 49200 9473 95311 60619 32407 94081 33559 44997 10793 62384 26317 31590 22316 67548 10177 34670 39314 71906 72864 76954 11675 40793 27475 57894 72776 62125 94284 47138 99901 52681 59042 11997 78721 31346 49202 79930 17713 1482 60960 20242 39262 42016 95589 18286 53923 71671 60282 42084 32342 65955 20035 79487 58962 30168 37727 19416 2074 41471 66295 34225 25427 2257 79696 16734 96253 56732 37959 51726 13076 9597 98014 39767 71995 3316 48923 91475 57178 41291 24276 73145 2216 6583 94948 90971 28169 87852 46895 73924 50998 45137 29677 69429 30134 51873 98694 55637 4790 43722 84482 75946 16810 69043 20754 60644 34573 11360 75602 54117 8598 83783 86244 76393 26492 55964 50280 77787 54005 74090 31142 7203 83312 88087 89186 96321 4414 25935 61154 16874 95767 60394 1166 89888 54173 3295 47570 21858 51771 6618 28887 82141 37630 37868 47667 99495 61462 39357 81595 87696 4895 33222 67928 89208 59220 25648 4511 15977 36419 18347 76505 12644 92836 23747 83275 64978 83998 60627 44964 8688 25912 53101 10196 54570 11508 54673 85174 3688 39514 43122 47545 32497 95514 16931 50567 53994 88611 79592 10748 17625 9460 625 33002 53761 2518 52237 41166 13668 50763 75286 12151 46990 55889 80349 66217 62129 35095 46245 59030 11129 96203 56812 61577 69468 3421 21991 49020 16601 71455 1507 12770 87760 72962 84268 61080 5373 3079 50202 39241 22554 35909 3397 68080 79710 95385 79015 8382 52202 57768 6687 99074 19847 39111 83594 15623 48285 31706 43532 45954 8184 42900 96313 76014 33826 91149 35639 71652 52772 14967 52167 39879 28031 2066 28726 19567 2138 91703 49696 47151 95719 13453 61609 27950 33028 31920 33343 80692 31132 89091 94256 22132 71871 78849 71558 93113 50538 52150 95386 17473 93515 47617 67509 69786 97861 77923 66803 54362 52790 13401 55685 29292 79971 40141 11845 38335 50432 58907 26229 15503 35995 53382 24448 64804 8199 25145 99176 55263 31245 35240 80641 41856 84383 45631 89804 86849 27040 73408 76520 11298 26103 91047 32931 99352 94423 56796 49713 97929 12154 12786 60611 14031 34134 3774 6554 57185 75935 19357 40313 57460 80247 60742 43121 13762 4533 88174 10789 74328 90035 74728 40595 71053 52807 67686 21418 90602 68458 66698 24030 37610 4740 24937 6817 3027 16946 61387 69136 48951 69234 33846 63542 20755 14128 1907 28637 68273 17727 99626 92708 8575 95151 94433 95460 25215 94694 22948 69935 13056 34361 23068 79223 56954 1204 12692 99897 65910 71351 1257 38844 66058 90145 78641 76829 53063 37198 99615 87303 73865 90352 21107 26308 52124 10097 14070 30582 63853 72847 19068 4960 43611 2652 78290 77356 77168 22191 29505 93882 64326 52547 72878 79690 55547 34442 11592 87710 52243 79838 20887 49268 773 82519 94671 33754 14615 94145 12063 89466 61153 65514 39506 19254 75157 15709 93818 51584 64556 91702 26413 58540 67373 16899 55680 85675 57840 60137 76191 47818 12905 35782 67209 1005 39593 49651 13051 67215 52248 20389 27450 32889 29268 854 84897 55037 14866 28928 62511 21414 93625 66249 50886 18394 41137 93848 39261 81281 73789 70439 62379 38176 49307 68052 65435 15226 17113 78774 73799 6760 39660 38674 50230 38574 1617 87417 46021 18606 39223 73577 16990 27104 44958 73794 30120 48646 21993 93310 46539 61290 42807 62434 32786 55339 58056 94600 26945 56411 45661 62113 91394 20585 37775 13861 15708 13944 80404 9380 70752 98903 49702 30693 49980 28172 20348 73167 48405 1317 69290 48531 76384 51148 62280 57661 56416 12505 52538 64546 85380 51670 51015 31442 98305 134 84483 37168 42951 34600 86364 36776 79148 47124 64068 22119 62224 30707 95467 9200 51401 87264 23991 33907 97351 77014 43577 89508 47320 71747 87704 96766 73991 42710 14802 73271 69391 36089 23476 32615 93486 19165 35651 80639 78495 97735 55635 66327 47461 59621 36473 48516 88931 27710 12838 46089 89237 297 44007 71036 18171 96258 77780 33061 40810 45674 48106 45198 4494 89877 68935 96517 63789 8578 37596 84922 50226 48696 95415 29367 76366 2195 47084 26478 94924 8792 10366 12282 29715 93624 91452 75657 18090 28611 22503 79190 92499 62575 56234 38857 11267 95087 31913 54286 42563 40472 61132 15256 20472 69539 87480 98755 55146 14541 9142 2274 39601 46274 93565 83748 83455 96628 27391 88491 43016 42452 91309 5188 28136 34923 32003 82768 74142 47646 89707 52364 38313 72575 90066 20505 5461 1106 29086 84838 89606 61650 8720 38778 7100 86240 3445 82274 27650 13085 94461 90728 16191 25960 37144 38046 6228 54276 3599 9807 82765 4029 33291 67794 28708 57954 20272 71059 63090 82190 52325 97462 73345 77066 72573 1427 12789 18064 89515 49779 12935 13470 1790 27877 2360 69493 9274
184 111
15966 71063 45208 84293 75741 21631 45038 73283 38321 74200 27660 97355 7440 34471 81478 97951 57958 3304 45651 93019 38492 94499 3206 15454 23840 10413 10844 87087 99129 90160 63736 86064 65861 41939 4506 51569 27726 48314 15548 79310 70901 32042 55429 27370 66977 63440 62587 1215 96428 30946 88286 75548 62950 17680 95179 16883 14296 603 89777 37017 51879 8758 68468 41813 41606 51385 20719 13472 94591 41214 95709 706 77516 40729 17115 45692 62264 97295 60033 8425 66588 45827 35634 45283 43498 81631 47344 20906 75375 99714 58628 31239 90031 80896 71760 90062 98996 4877 65475 95554 78414 80508 76497 82678 48347 1296 5388 2473 71261 45857 19250
952 586
99864 20834 67080 52540 20324 65232 55663 80613 16087 94985 92713 40724 85057 4021 51565 24656 51486 38372 2426 77542 38562 8022 35942 96224 58148 54772 93085 77252 29812 75847 85197 52577 49870 59229 70126 4916 79847 23548 15871 74158 57635 87169 72024 29513 65031 89078 50821 79400 56447 44641 76306 46856 45731 83249 37101 84598 29056 35586 84608 3370 5089 61200 86386 31347 28104 39418 89206 31870 21813 8553 42504 88643 62294 96215 25058 20130 60351 61895 88474 94055 37697 57978 42667 90400 8083 65081 45009 95841 59853 91798 28500 80570 96862 78509 2537 24744 75311 62322 91371 63693 22290 93996 88410 90665 51733 8813 15868 66586 32704 66566 61829 77128 91763 91967 90656 57063 49338 11160 50143 6613 17720 19450 90556 89395 48886 76307 67051 85800 56843 79524 16189 91975 41993 96237 1080 38772 32261 51524 30534 14086 32577 12847 4971 74563 79155 22369 41632 77695 24740 75696 63602 64401 15463 90223 45002 96239 3946 96620 63790 60811 277 11795 11072 85189 62232 12486 32359 95132 95494 52169 67449 89248 67950 50444 75659 96269 1755 69699 81159 99076 95026 14329 10538 64107 74191 42133 44158 62862 10076 56269 49304 85182 25154 85598 1391 73980 44218 52316 84262 61334 25326 89401 30423 16765 22968 99337 12476 23701 63886 94322 33484 74826 29261 75186 94100 83225 40568 48552 87440 75483 41760 20982 8046 75305 92758 45799 89978 86764 20313 67340 22175 82518 33245 7159 60330 82483 83086 69029 71507 41936 98517 49361 44669 7727 33442 12384 87840 70795 91166 63654 62345 90506 98576 18224 60969 1700 4818 38680 2733 97990 62632 3415 95884 83895 3029 40240 93833 27429 97893 68981 10794 76940 77801 37580 6063 29061 13157 45663 57682 75579 86443 47361 19041 59816 88428 50745 37826 24720 58688 35566 13110 76623 26940 43158 50046 6853 19013 84943 50857 42574 32796 84047 11182 92948 2427 82224 30076 96478 48153 29269 62527 12878 37941 18838 94219 76518 89616 65272 27763 88623 80926 5637 41775 47983 46095 70661 86395 86804 66099 12762 75012 65794 39751 5689 75617 41259 79087 99842 39049 28409 61225 55248 51813 87282 71301 55509 64120 46106 38985 25840 17340 325 25361 46796 88592 49460 17566 36930 21462 82326 57300 20745 15075 84663 9060 57118 71219 27672 77415 96580 25600 92113 20989 37985 59574 6750 89153 57955 12635 78960 37243 59485 70340 7686 75950 96787 90808 1890 87574 63178 74439 76620 68839 32782 71421 20746 26161 31152 24240 51707 97782 88163 12467 63709 175 66005 34506 31226 47306 53038 28775 65290 12106 99274 5218 27674 33751 26534 87775 3820 91017 52391 94708 55196 93195 58162 99135 73442 76012 5681 31694 20021 13869 17035 1417 37523 4542 46638 53838 78058 2840 50621 42986 62369 5519 50509 83810 83987 46358 11714 6425 6158 95438 56373 75572 62316 2143 55204 2079 18716 56586 46519 52888 90445 74370 30346 93643 75446 19961 40076 98658 69612 17352 3197 13768 81201 59046 82376 32424 33172 13746 9737 89067 51282 64532 42239 89423 64755 84159 27256 79678 37670 63794 84503 65422 40967 14409 72589 7395 36715 51895 49277 85307 57625 49551 13159 75577 8269 96819 92928 70040 52299 79057 42070 90956 98910 19395 57313 63411 11954 21596 2873 8719 4562 81729 97475 52599 59916 36812 39433 58420 40690 45846 27085 86645 22528 12071 99732 365 35140 36757 49813 24605 71114 36800 63622 82930 28693 73939 37473 70497 88384 50276 39509 61378 88121 73071 79735 66104 51604 36654 43773 80883 87689 61588 26335 65610 41608 73494 57066 33683 64853 75014 15689 66175 77822 72951 61799 90919 87646 39968 68635 15413 94725 85082 11210
160 507
98295 29632 63550 18155 70955 32866 30151 49199 58792 44812 36602 86963 92781 61321 19849 79106 36798 35996 17641 45942 27634 44808 36822 57805 68371 3379 82204 89820 79198 87443 9285 20239 83930 22846 95569 74755 15362 42869 20217 42843 36398 52274 68535 51023 90688 37080 57975 49472 7339 62291 19885 91962 55610 33147 92492 37563 68865 29884 49380 7660 12144 82183 38795 39188 90730 74981 15525 11620 21863 25897 10848 99914 2747 22324 45589 69678 5979 76117 62022 4860 21141 86337 38937 81627 30224 13661 19177 17448 28265 86079 80340 61740 96326 81046 8819 84355 75267 10430 32588 17160 91193 10982 29861 80195 96005 70181 1347 13040 24672 11597 69044 70418 24443 96999 18604 89534 8482 54601 19274 98330 2023 7480 4863 44586 78516 43133 96571 91476 36058 33289 36429 36669 57457 11248 42247 82605 51009 63367 88638 75905 96657 55349 51975 82548 17108 63950 5274 18336 86576 46151 47366 45175 41149 39543 26359 58901 31690 3590 91821 6130 24285 8291 53757 84528 31269 52550 97968 81392 34863 14831 77323 21563 89954 73987 54133 32683 78989 68261 96063 39463 70114 64560 43858 4031 19828 1275 97094 65055 405 4524 42023 26275 67371 39416 47649 86174 86416 4191 28755 71214 56929 8700 7059 98977 42654 10514 5107 27175 30202 93870 68216 38868 27935 1455 72842 44155 982 45111 11646 34037 63607 37161 56451 39058 92331 17074 83972 11169 39185 46562 29811 6883 37272 59636 11213 68849 60864 43745 55299 83599 23803 76162 38774 35106 16506 61191 19430 57831 22177 39642 804 12716 3513 44059 75769 54746 5663 6171 7896 55798 90426 11835 46972 83243 88866 80438 66465 30670 20131 8391 16511 49640 53285 25721 12727 44315 98646 53331 67679 84125 43165 24125 1517 51275 9616 58360 93180 95643 60781 19118 46960 72172 25971 36906 74493 17548 90436 57634 95115 6893 15024 84730 34324 98515 88844 51508 62939 39708 69342 8974 37274 95868 8614 64219 32994 13568 51183 98450 16094 28202 77111 94292 41855 37719 18301 7615 48692 76303 95352 88124 27272 65635 93188 27584 4939 30694 28669 21214 9144 90561 83869 29221 48138 43356 58195 27551 34142 33714 34876 25202 72910 41052 32310 53779 6203 73788 90524 642 59814 83222 46822 6268 60350 97953 72585 67033 92486 99358 80501 10589 27554 72202 98406 87315 32822 139 3773 84619 48477 88540 1558 55997 2421 80426 29946 1083 85349 32696 36321 48190 48524 96119 56893 14430 13499 44935 25481 44728 47587 24105 28547 68270 8282 99810 73717 697 74687 21562 6048 29931 35824 71266 2039 17271 91550 47994 40230 73476 75424 20888 95307 49245 72469 51068 83294 26932 99750 52372 2184 5907 4546 74519 80951 79405 68191 1611 70719 10550 10846 19015 64480 2976 89990 18192 86621 30085 30559 63174 14310 79476 90783 4601 69618 77286 11375 74288 87340 29073 47256 64992 3338 12536 84402 42817 48435 56993 75237 85748 82706 23499 39196 21077 36803 47190 83465 9155 73551 53312 73137 17161 41918 38546 75054 69744 49726 78884 76989 69873 26384 19659 86291 5756 63323 90187 44550 43089 4435 82996 59094 16456 20529 70285 83084 89994 57175 4044 83182
157 126
33393 53608 39988 41326 66296 95679 72788 48698 81000 22957 53641 17964 96573 15582 83498 30602 34269 35256 84686 91631 27481 52690 35388 87878 67896 34930 57728 43545 61516 42128 79325 67229 2260 22798 22448 80526 19146 7665 22895 71127 83211 24380 21859 54877 17157 4393 4828 61590 80072 84795 21378 3000 46044 81819 19723 79381 79672 44486 54590 27355 77783 61761 14543 60974 4799 14049 65527 42860 29059 64311 12047 32347 23776 98105 82315 36317 19190 20889 35727 36153 62992 22763 90208 28021 34678 47822 96779 99053 98340 88926 88399 71728 98564 59117 79327 56299 84745 26986 33614 29311 94999 96093 70857 38573 26404 58610 29757 60246 12171 89525 85106 12602 85657 76157 47877 41436 48474 4984 35177 59600 39456 24047 67393 65596 67030 59590
102 584
96883 8950 28987 6419 36164 27717 66172 43672 80100 15336 42769 26199 98802 46759 43192 33886 21344 79309 72941 28263 82249 74614 66102 13443 10038 17358 48894 52070 61469 78606 40336 6424 1528 26502 70026 98388 50510 33207 96520 72424 70486 67316 21502 70464 28406 68466 28236 12555 30340 97950 61572 22803 64423 9348 40314 7497 14158 84661 18650 68329 37008 88608 36547 29378 76924 34456 65266 67327 24533 24850 31659 10558 16890 10534 6047 53082 42660 70733 93101 61795 73622 86196 2848 27874 83564 73087 6037 86367 42930 8180 83880 86399 11487 67489 51490 16954 55745 60054 31979 5342 24660 95724 26581 71882 14570 81177 20461 48064 99083 21387 60179 41742 51370 40199 53455 74022 48434 54645 293 62794 6659 3178 71553 68048 87766 22879 74029 21192 91749 53422 37410 93385 2311 71796 30295 37413 2053 76670 93359 30299 12193 281 52186 82771 42735 94510 26396 84046 76857 44923 45338 97983 77681 83146 82164 8917 64898 32135 688 7532 22502 88152 42061 83433 60010 18414 78323 14090 43091 78889 98427 23269 65801 74167 24369 20043 29036 74417 76227 49312 36060 17816 49455 16379 95771 65947 65012 60349 39236 64496 32909 74016 76732 1323 18759 92761 38465 71563 81413 35888 85274 61904 33576 73354 91296 37512 56932 59867 52986 46458 44998 12265 18073 1612 36554 81389 10147 78912 10762 73097 18437 18999 80895 49462 77098 31511 27810 54667 90438 16817 50035 38907 63328 55705 94280 33944 90387 57387 42466 10176 77326 9133 36056 12975 54389 72187 7903 63394 33924 82061 51358 65992 43194 36981 26717 47608 59131 59876 88547 87147 86382 26508 65680 54890 78573 3676 7754 53881 9859 23398 82881 87470 47433 11998 56300 4383 15078 36045 91663 64163 54195 81299 87232 98024 49482 90382 12787 66063 11631 81504 28332 85450 39471 73023 9832 9284 32756 96734 6910 86743 12560 18274 71531 4584 44036 12038 82041 54626 66612 47643 10587 3763 97231 80988 41535 99254 25643 66338 37945 86251 5495 15612 18526 82831 65828 51461 8714 69366 42194 85777 34902 32217 85022 97265 10883 38318 41113 8162 46433 31392 6311 50458 90367 45528 97179 74645 94052 13799 50479 17887 62156 13712 98129 85499 618 76688 74447 95823 44355 33984 35606 18963 15521 75796 67336 80744 7230 68888 38712 29371 10285 16767 29794 97656 2879 38240 37602 76775 34287 89520 9749 57336 51684 8117 27567 6082 57003 56651 61185 89991 16795 92545 51055 19009 32269 26618 73478 24886 14185 18296 10547 98768 65824 82602 24314 37099 58491 27653 56669 83037 5035 41078 16563 38427 4155 48989 72063 42138 55309 61692 22987 25100 67535 84189 48495 12092 67238 86857 66900 2971 4018 35041 40408 86167 29188 76195 85549 63159 39772 45310 89225 11634 467 44225 18123 2395 12647 22893 47478 77467 1435 70786 74034 104 43475 47613 33657 47567 54470 52292 9343 25095 61350 64694 97353 98109 29639 11378 15062 90917 23477 79790 76108 85234 4983 36950 78233 8799 20954 73759 47189 68115 42765 12893 10916 70897 29623 15416 24798 89436 88854 28965 32091 39623 44101 34660 17643 13897 32578 59173 40815 38632 17226 33347 89574 92703 66764 41281 94705 8889 81994 56623 56116 76282 7303 14514 8050 27009 64257 62000 82135 65345 87196 82091 61565 63179 95640 27437 89765 93610 21540 93300 61758 10777 83727 79141 89426 85180 64206 42041 77963 44190 55976 82101 97235 3446 2728 61732 85539 57407 43933 30258 46107 92992 30229 22977 49280 76878 38665 60509 42132 27552 64267 66459 64631 49400 81287 84164 5686 15144 60446 64136 62114 97819 90622 85891 11989 82778 95110 93679 47336 67211 86468 41702
676 200
50246 11449 31631 67773 43172 86437 7937 76131 9129 41021 80751 39839 28232 10357 94042 47594 44384 24689 39396 7616 53271 28463 87027 41188 93045 67346 29539 70993 75662 56265 93939 82976 54359 66882 69626 44635 24225 91679 16972 54539 38100 94462 55218 36980 64882 63593 67125 31034 56443 12552 26098 2 27028 95875 34919 60595 18513 6466 51715 31293 63645 58009 78906 64188 23629 76506 69422 52634 89780 49668 74489 97278 54385 85301 77222 90692 4778 7462 25526 2248 23649 30066 5202 11045 59696 92284 69570 40357 50566 37595 87123 11433 83089 56750 95781 10071 89823 96992 93454 84150 1228 17007 63795 38278 63395 45871 38641 35072 83443 38476 52089 46734 54714 45475 78041 32942 65575 21789 59130 21917 49667 95220 32473 38578 95117 8071 51445 33830 34488 96715 77807 5333 4011 37962 45525 56126 78999 24216 66766 25570 38160 91175 11121 10761 9182 54854 1921 79040 84983 46739 37559 21040 5953 54874 4876 92832 63634 49905 42375 613 40349 25857 40778 27176 28299 44478 84896 1980 71325 16020 39174 62427 9540 75079 63919 8249 65884 64634 26714 10210 39682 81742 89370 16477 93749 87810 68321 37928 16075 22631 19299 49108 37267 20439 32726 16028 14586 8793 88790 70329
82 446
74817 94427 92751 35839 70156 57275 1848 86280 73030 88665 57333 31520 53781 76268 59437 91410 3189 73714 24571 6420 63804 32539 1458 43642 70907 67820 50222 77083 81450 62171 55938 89648 23378 34537 81552 21998 13367 39969 91355 78104 74244 18699 33418 1282 70707 85113 31292 10262 84319 53094 33823 19761 84501 88255 74592 54485 14165 29433 11496 31834 83871 11064 45634 58566 90216 57226 9080 79053 27270 91552 57780 82392 77399 22409 71738 55803 65730 59459 45284 87737 15908 93366 59643 14854 97380 8159 33262 45565 6773 71343 73346 71111 37464 31055 87438 38835 63801 76343 10802 53693 11287 87595 38877 91349 85604 83151 7062 51603 21316 13241 42615 38401 9642 41626 87146 61079 80749 32711 97857 71516 94922 32256 83224 42102 77823 32000 5634 37020 56612 90857 10486 56149 9480 8556 27365 87030 8716 36712 87698 1694 76540 35704 55436 48819 11552 90555 28888 96783 19244 67293 28038 42883 14186 37650 70782 26100 94592 58645 20649 78772 33982 4811 15931 73887 48093 39365 2136 43688 31458 73144 36427 27774 38241 30121 8114 49339 31909 94666 34115 85053 46226 84837 75359 70264 28549 28436 31098 10902 46996 99517 269 28579 2607 85590 46125 46589 53147 72312 45126 56273 68990 66429 63871 34938 69359 64504 3508 27492 41792 24855 93706 2514 14908 13424 45003 31895 86124 97236 44011 836 10548 85599 43544 26947 95887 41692 71420 91375 40816 36435 93071 13523 28609 68773 48256 62508 70739 9238 15318 98252 90210 32501 61591 61592 1037 49837 81424 62996 88847 32118 70727 11321 29917 40032 85070 73204 14835 29438 88018 79158 82599 90787 20844 87527 90162 52122 62994 91118 51045 62070 45336 23375 35032 3163 94165 28335 59153 23793 60523 90344 89131 92737 50031 79320 94805 50033 76170 280 66762 37654 18621 99715 78828 3857 51180 93722 54537 79367 72773 83570 9879 21283 17097 96280 75095 80101 59519 37825 60859 51388 42879 10755 93607 60826 48969 13010 67682 32971 75459 64832 50395 6239 82527 10465 63589 81613 8173 60501 44476 64619 39085 11946 18974 21839 40175 19544 20064 33358 14413 57908 19086 11583 10634 96716 84227 37973 80492 69533 50992 58915 65129 66419 40696 27242 93982 83183 76265 81296 89444 81071 66872 85672 81338 83882 53435 3975 89020 59915 62789 41184 61364 16825 29031 1164 38371 95648 94345 6705 54962 65965 91048 80559 74969 51488 85007 54790 96582 88745 94372 48690 54858 85426 21766 73652 63572 17417 49038 60385 77654 14588 64365 85925 49994 92980 61562 34807 71970 94801 83799 87991 48629 11451 49074 46067 7622 90703 59174 99833 34696 69945 7807 54936 87600 24615 6545 19615 34745 15338 8977 28619 40959 18407 35251 6672 52304 69230 85405 37587 40468 14982 95143 71847 75365 76087 3828 12655
43 108
40220 26683 79903 68656 2939 51435 74525 10378 8315 38260 11111 11678 48395 23843 37454 55477 28521 36425 93412 67826 50548 44003 59433 68135 3609 6595 70792 37262 70529 43582 8543 79482 41621 80062 81512 50228 87009 64087 48795 10766 31177 16517 46320 38352 44389 61024 77327 95051 74549 16638 6952 16930 2388 68421 43903 77140 52188 24266 96136 10653 63935 61744 2793 83673 13160 77360 98941 55773 3867 75789 76662 7074 96315 33355 76960 61006 99666 42886 61830 29816 13286 69010 23608 68660 42726 17621 8847 77906 32307 82887 17910 26422 16321 80604 70291 82717 27422 77796 80133 57615 85989 33933 19264 25061 16107 7360 4278 67652
72 106
99601 81122 58948 59996 28379 7495 147 95105 85355 98505 51333 10286 46487 58208 75955 11848 4711 10681 26167 6132 57024 72945 18003 96374 92735 80241 37103 92400 73734 51029 93328 9973 59123 27465 29705 43733 68655 59966 74149 67169 58689 23918 10454 30067 55378 88348 15093 95021 5887 74179 68505 28722 48316 52091 57897 32713 72782 56072 17181 88756 66585 81494 94525 944 87244 17424 64547 23745 34869 98744 39515 83647 62352 12024 17660 14719 94950 34953 37536 21774 19166 81516 87625 88723 4554 27830 67342 6396 49625 45254 58328 92274 70146 81955 68774 90719 91495 63815 79546 83990 74752 82490 25747 90174 85584 36229
213 100
14716 5259 77945 10158 15873 25288 83521 1486 27800 72017 71505 67506 69728 8470 10163 89657 18548 88144 2092 46748 55148 83137 99228 37767 13690 99777 50273 42282 17629 76783 12734 38650 4175 33813 42582 95706 71412 93459 15731 26751 81799 99314 41238 32593 96364 98481 19262 63649 73661 39251 71361 20354 92914 49090 58267 24537 49860 91253 57522 12795 40800 81010 15411 99661 12748 897 73207 415 72766 94005 5050 23500 50151 48750 93526 70428 7815 4717 34307 90246 76186 42276 71842 5468 90054 14677 30596 19417 90671 29015 20937 43239 5313 85629 54651 79826 28911 14324 92248 10965
148 96
37681 38323 34556 53614 75777 23857 27888 85029 56469 66752 84813 54310 51049 49386 11430 29987 93946 67500 96750 61710 28149 64096 41111 7498 45936 75111 66539 31867 25336 85305 15858 56052 20701 94458 52664 71477 35887 90047 30941 89308 27633 90796 83257 96193 12544 29197 54937 61618 22141 25001 23261 13164 60762 1935 34545 6074 89911 89518 19418 62543 6401 36213 87213 49545 65333 80914 34561 14636 72012 31397 52560 83168 23737 63060 97298 29089 35260 84015 4836 16065 34751 15112 13667 493 22653 40537 56947 74457 73026 26487 49177 11380 20614 94224 92575 286
101 86
73877 21589 71817 69158 26312 28235 28101 93318 42981 98156 28373 98212 54484 20555 9809 74408 75919 14212 19491 62630 14595 32732 96379 79531 16569 5175 564 9513 55606 63995 64684 39321 67242 77748 86010 25423 73311 25734 30902 71706 83252 62262 17739 75936 60333 51390 91417 48820 24863 68542 55216 96914 7685 91336 75026 69142 98777 8594 42605 10082 9192 8988 7700 77094 75728 22997 58135 69920 24812 45058 22440 96816 35967 85953 99385 84570 79300 51159 70659 80668 48942 71147 43548 34761 88130 93485
32 82
84623 50311 30094 28638 13621 85411 55932 74624 35495 91126 52102 86473 45394 40315 15943 10661 88279 58363 92837 95726 25900 58108 90386 45812 12820 86275 86271 58596 10024 94847 87268 73981 58181 17047 68538 4046 77228 51795 1485 58462 15095 27826 72183 54186 82110 70910 45291 11614 45276 74837 54297 66250 87868 19600 49772 3613 83426 17741 72452 92549 92984 45865 49115 17676 99014 70861 65141 61108 91206 83645 4125 38853 82664 51669 24130 15813 88542 5119 34240 97894 67801 28157
388 387
3461 31811 44768 69491 49918 65226 59710 82331 54576 49319 97674 94279 52557 97694 66574 55977 63183 95677 42703 27547 62365 76667 30457 48527 27445 49290 85201 13316 29478 79298 51364 49504 47226 93525 20092 18975 7493 15590 71832 35881 20635 12451 74869 71887 17276 65863 31107 81396 54998 23913 48850 61910 22598 18280 82837 2761 21060 59210 70056 67971 69939 75326 81465 60317 82282 73715 85862 68297 98907 13506 95186 23410 64354 58501 66240 14841 32186 15126 41931 16173 17008 1412 44168 56439 41842 57931 8681 53529 68315 92595 89840 49704 64794 94254 1541 22214 7323 67259 37529 91344 58979 52882 94816 266 27340 22121 59080 38755 45795 84480 50388 45604 44144 69778 40993 62524 92285 16193 48317 23689 1606 98284 19404 74327 79939 22204 62886 29107 28575 85210 48415 63664 2308 52000 69348 66801 93179 92035 61861 95867 47393 98074 83806 61736 50449 89044 20080 9096 83403 8844 54665 77971 54966 19113 17807 13000 82355 22271 49999 81831 60076 93929 99552 48976 19050 84045 83233 23536 24199 91141 2986 51781 9414 19673 42326 73503 15906 88796 11047 52796 3410 94086 80919 28112 37436 10139 83683 44257 68246 74993 5246 85815 41425 77055 14480 74723 13701 92972 21680 51548 19276 92077 34467 28276 86307 13239 37520 87197 92217 20848 68977 21869 88705 199 14240 83751 78833 86579 64322 2252 8735 59354 8994 84238 51378 5105 77198 33752 60309 60581 82308 23175 37590 94640 22897 27497 61789 66687 41390 86404 32190 56631 41746 52571 67138 36049 29604 22496 10223 92580 65834 44189 17242 64233 66395 30825 36707 70849 58129 89509 44619 30843 16788 43308 19023 64044 46633 18555 72015 35890 52680 45640 44336 33373 51383 42060 15469 76479 41164 68493 8851 31010 38331 19960 7168 75232 30261 20662 80724 41018 1170 38341 53123 5370 83641 87834 579 51126 99263 40742 93738 33375 50453 75803 58576 58380 67247 51285 95936 87070 31355 40765 3057 44631 66382 98184 74117 1928 89319 99389 45807 91876 24551 35758 42203 33964 95111 77035 75274 47705 79478 55202 50334 3351 75316 47289 21260 61884 65348 59185 90202 59059 61233 42220 44818 35810 92016 16369 53418 839 90306 69191 65552 69794 23787 81840 35901 82057 70243 10052 72129 4951 45334 13561 93361 46643 73186 21556 8727 37477 79410 22571 16275 13438 59402 33624 26287 96642 95865 63732 20400 82259 57211 91626 64055 3963 28754
200 225
92860 38000 44905 93172 1787 81869 10732 3068 36468 65180 32628 79046 42640 89002 30952 41967 26358 18040 71372 86166 58727 11365 82538 38964 87381 26388 69149 6416 56194 38478 60807 13208 50948 75519 73664 49096 2167 1173 45578 82207 79341 58382 78089 51313 69193 10398 34756 14038 76037 22785 28230 91627 42195 53336 2000 96939 72399 99857 58905 76903 82420 93138 51132 54024 57319 80440 7852 54862 21227 25534 31158 40210 6876 11823 1650 77989 75795 64965 96392 41163 90410 77734 35868 4090 97007 24912 41866 45272 27588 42853 6775 56438 71065 51339 74644 99729 69410 48974 80036 33588 67614 21428 18101 63770 90368 68489 14649 36866 4679 40296 22304 77886 36247 46915 65832 96058 40291 71536 82914 99210 84821 91498 22493 47624 63737 54943 73149 21343 59401 85208 20432 69857 91677 22999 38987 99450 28834 42974 95827 66231 41637 47674 41648 30647 5916 61702 66145 71955 23808 47803 88054 47046 54597 91788 7729 82889 77663 24562 53959 87034 46037 31873 91319 37002 26082 5735 31585 92936 30687 6630 39097 45907 36366 12884 80944 95373 43503 18743 236 38266 22823 76803 55347 50755 17016 74768 70717 37343 1580 54905 60334 93601 9629 25748 32243 10215 76194 51296 61124 95490 58371 35699 6980 85515 35660 17275 9792 68782 95228 14892 59878 727 34276 56603 13694 31918 5822 71463 15227 8436 44160 69126 42777 22682 57905
80 207
77309 24518 48977 87322 85087 36743 6069 75533 62042 98793 28863 21240 57111 59809 32071 24357 94015 18331 86261 28910 12657 77147 37056 22092 94061 42286 5700 92819 44220 62072 88602 18797 60616 59994 89111 39915 15217 11251 52139 7430 75224 33209 42182 18491 97247 17366 77307 95052 80588 59757 12119 19599 23837 26421 27441 80395 31310 21153 55506 52460 89521 22427 79491 65915 59001 59275 60582 83516 7398 73795 29294 35630 47588 12976 5957 43327 70188 39862 85347 75967 12936 67297 70404 45600 23454 35984 30185 34868 78640 44136 68119 53478 85215 5001 66178 40674 28257 56829 91270 65108 42715 48664 67225 65872 77114 52161 64191 32932 12945 71062 27048 99648 29043 24063 59014 48766 88435 45607 12909 72388 63933 31955 2349 59570 92632 97605 91877 39054 4953 95011 93729 40720 49740 46345 76936 13136 14061 19998 99264 95933 4501 66328 52254 9560 48878 21793 14940 55424 94118 14961 60882 68443 19854 17999 18642 62471 62553 27192 97212 76814 1522 32801 60316 38519 34268 45021 38398 23541 92871 84416 99225 22933 5792 53233 2896 85913 58714 13742 55956 76379 64495 261 70519 59332 84746 24023 9099 86170 8772 45925 75613 24494 53620 17651 70535 44587 91854 8302 78383 6651 41647 86051 17748 76071 95686 81180 54063
100 728
48005 32338 65341 22726 17367 85770 76271 23968 12525 39290 92602 98776 93333 65616 98180 89200 45945 45313 40500 22438 19783 54986 79208 8738 48031 1029 82351 85833 65627 50500 51855 81291 27299 38555 85494 5145 42494 77108 28978 76671 50895 56467 84373 78832 51205 86921 94750 94818 34569 55356 40063 91896 12696 51647 85668 28695 62821 20039 75220 7718 71818 39013 95004 12540 42659 66810 23392 84569 29473 94068 82155 65040 40263 86329 103 34812 13193 47910 62572 40848 4568 78723 35137 43814 94040 93837 92447 26756 47069 8471 80735 35978 5860 74605 40552 10232 24477 84662 84595 13855 61167 35065 42078 41086 5116 75033 32219 29827 96655 7434 47515 7244 71944 73763 81605 96413 28963 12738 23198 17331 41660 68471 11831 10713 61228 62824 46282 73941 61948 82457 73561 57270 5357 65524 13639 54295 73324 23604 91673 53175 91505 37490 88600 15655 23440 93691 23345 90672 55916 38083 48640 25566 22209 7266 46485 18704 13722 57776 44915 60274 22976 90563 84515 30691 42463 86267 2954 12513 57597 30571 27188 39195 3451 79761 41992 53247 4264 7484 65792 46269 34004 13295 89477 28119 20151 17435 55638 94137 35943 10027 51614 74055 63282 24478 8228 48469 28191 98703 76663 88825 72807 90890 85635 83927 75850 18666 32622 57373 37389 278 97139 31109 1832 54609 92365 41486 14388 28643 41889 73252 70223 92186 81262 92884 72219 16160 65306 18722 20291 88601 61960 31997 51523 82992 25082 50484 92989 52812 13743 70116 54629 88134 13826 45090 43869 33736 3795 5242 48440 65384 18066 48540 4186 75948 8577 19962 68372 70232 7909 28767 55016 68592 41506 61681 7539 79516 83088 88117 70732 93997 24003 36780 42418 12311 85759 92309 37799 47679 84677 79233 84808 24044 57375 39030 15870 37577 59171 96349 50805 86210 11562 35510 84672 63530 43711 58022 14024 62944 79911 20145 27367 29648 31988 48123 89105 84377 54399 75541 53793 1858 10586 38886 52908 1909 70345 29285 4408 54731 55086 67133 42470 62217 84558 78568 91249 99533 77766 88436 24074 59072 72890 20870 85985 65321 7176 21003 1126 50725 61584 62940 67286 97472 60877 46300 38515 24687 72629 76673 78283 49219 74067 97728 53933 86982 39333 47101 26306 17869 72287 26427 9655 99683 10929 75159 69384 55494 22300 13311 55502 43874 73628 38426 38936 86876 64103 7217 56910 91479 76849 2579 79419 2320 77881 10040 97263 16301 68025 96126 61801 82890 71097 30462 96167 15236 56420 64912 65408 18114 77241 59840 41145 86375 36123 80659 67038 33181 12685 86656 90033 73168 75688 48461 86908 36424 47731 60264 21757 74758 13305 15732 8562 11970 59073 41042 62428 75076 47769 84119 56332 95958 22145 45041 33716 3906 87037 78503 3952 47158 52231 4281 80302 36795 5052 4896 95877 75106 81438 29194 68779 12111 23352 67644 67946 93251 96454 6443 89951 8301 91171 21480 48774 99316 83539 95785 16024 73632 64512 15218 58798 99211 13181 51165 94353 72386 23030 61708 69218 90474 8395 50319 2404 63144 11481 43363 52711 98956 47979 86398 35527 81197 11538 60392 60918 68742 8670 31537 34503 89180 34414 15158 20375 96475 51797 93861 53295 82131 31645 2660 14415 50175 9326 65672 87740 88850 43754 84299 94288 24790 27362 9482 91718 17774 82464 42231 88071 85088 84471 53307 36548 36260 95059 38248 58449 35555 30090 74064 59225 26211 61351 54614 50343 79423 97052 5181 81935 56387 81660 565 71789 1546 49638 48067 58201 50373 13937 27807 6356 26160 55021 45749 9936 78984 50236 27163 86612 90828 44750 52536 4832 58603 64463 84697 84253 89881 19655 29881 95544 66271 43407 81737 53706 42113 66077 97250 88379 61831 17278 94203 62183 14771 42176 48587 39931 43199 94515 49635 26011 39413 33698 70106 12979 79018 16873 33645 23415 32187 1725 68883 77118 8795 40386 92785 36163 13532 16237 87560 201 45856 63084 62744 8160 7200 48202 93077 18924 12117 29444 1156 56129 85099 3917 38346 31149 56183 28533 58678 78871 33029 85073 53075 97341 11959 84973 27990 57637 44293 41099 46073 84510 77272 34998 61035 29730 70313 20651 37954 52184 77554 74213 55673 30836 84115 37516 62751 22308 82138 47882 37501 25493 2452 89081 68396 67375 48491 67886 47817 71964 82296 75901 13797 27994 79743 77258 11665 71965 18330 1392 66042 12328 48084 42681 86173 6417 10212 72387 73957 34795 43217 52221 51770 75756 62625 24870 56808 35591 67866 94074 46937 5711 29023 94718 58768 80790 20392 87195 52208 83680 5381 27598 56673 921 73771 58126 29824 37378 43948 16231 12352
69 70
14377 10021 36263 61213 99874 27360 38702 56478 88039 95379 65239 3706 98194 72826 93785 93990 48970 88566 64077 24 63533 45273 67312 84969 66981 9903 70685 92787 29638 62225 5226 19179 87362 26377 82285 63811 67377 69086 50043 99816 85406 89937 67101 75527 44470 45756 43552 23049 6229 11707 47271 98110 9267 16495 11076 62174 16386 57143 63823 62845 52437 64542 8297 71090 49683 43489 85570 50600 55302 83132
105 66
93908 90938 37897 66755 11613 37992 26550 49579 75843 54792 15802 94051 57980 54353 43247 93542 3072 28912 97384 92671 94754 25925 90251 65559 90166 54334 24643 6321 71476 2614 24741 95656 57190 78801 70122 74664 9522 73042 65079 51801 61448 1826 56069 76289 1320 1294 88510 65939 53897 95577 26353 89441 94485 38092 82753 18010 90640 71956 39285 53807 35466 72990 35158 24437 18876 43485
61 64
79777 95736 72762 59431 77811 76904 35036 73075 95790 22849 22310 689 70812 35398 70655 39157 15493 75368 60332 59252 60305 55072 44957 50676 24031 56972 56642 46959 59299 69677 98533 37330 15005 58298 2177 84783 44839 55497 99258 10887 33554 47616 91776 89144 41653 46413 25622 70631 7041 37384 41180 92223 26736 20716 56342 2236 70190 72097 39990 41607 69107 78728 27683 87586
212 60
3270 44394 86454 73571 80219 40626 61280 38244 25899 26242 84314 32475 8743 36087 6733 66782 24193 7125 64051 28550 28699 48792 49196 87130 66122 71781 27671 27086 55643 75569 63197 55026 14117 31596 48534 22843 19933 30734 4059 59416 96669 502 58349 69095 11773 26314 81801 87425 7162 4963 56130 34644 63617 37766 30353 50 73237 12391 59843 38496
201 52
31754 42353 99207 26863 16609 61912 71149 30255 54129 93446 77515 23174 26285 12462 7171 84636 44123 76530 9312 68494 40716 32837 12447 22672 80002 88211 67462 9424 59496 49812 19650 75623 32302 29307 45133 69908 36553 41210 46998 94944 19392 58626 47797 93186 48212 52454 14429 98936 46298 20725 91604 30627
62 48
45863 77091 45696 92358 79703 47432 38282 11460 75951 16760 68008 44350 60801 51815 30327 63697 45774 69277 1353 21133 5739 99995 45748 4469 8480 81458 97717 7520 42949 36608 17225 66619 63146 59667 26186 60085 74899 97756 2572 42628 64256 22645 25752 10142 26884 20511 82332 25491
128 44
29599 13786 69067 51418 54041 96197 4841 25312 50732 5868 2855 44773 68163 41202 46812 57972 81039 47415 42111 88495 18246 85790 87421 61468 62573 51995 49513 27411 19716 70609 13151 73708 86717 98309 3804 74943 13500 41000 51698 70506 20141 54250 39655 50326
137 38
3294 76347 55036 61793 20784 77427 95775 70708 90525 93832 11209 37969 16582 46006 43538 946 54974 51889 53555 83254 49059 5412 89764 78342 74280 32956 42964 78994 17933 72339 79318 8234 90055 82593 43470 6341 59537 10632
59 36
11895 73532 11117 48703 42690 86844 94120 87814 92322 45617 54516 38144 27255 73672 96893 15045 90601 89439 15163 41800 82701 35499 40986 26510 19449 96014 53002 11445 21022 20122 82935 75854 42674 71784 25431 29625
179 32
75160 5153 37011 73780 37570 55259 17852 47690 34027 91793 67586 59405 61072 42530 96667 34951 27553 94229 86818 6492 84315 5564 3981 18872 13501 8784 27816 56806 29241 16352 45449 27304
135 28
59567 60482 82685 22991 64429 65898 86549 58159 74482 19937 69123 9422 97850 36331 254 20499 11537 5068 41445 30632 3661 26529 41224 26119 23982 18649 76713 18549
140 26
94656 54386 86371 61757 92443 41317 4112 87620 90305 68429 70355 72528 3704 25186 73562 10281 40875 45501 6400 22610 61605 54360 71008 78706 10969 67661
158 24
90949 10580 8287 34854 13828 84417 4977 57946 87523 26397 1247 34346 75825 3647 6902 97709 9022 66424 69541 78396 1741 77555 36168 60481
220 18
27077 2198 50090 64424 60758 99184 811 36737 26111 70166 12330 11057 57216 16647 35327 11603 20515 67152
628 20
21435 195 2077 46407 75296 41450 86412 7421 11306 26672 28769 76074 62512 84904 24701 71292 98692 5476 90249 41304
