11
773 414
34155 85500 36688 83921 91553 64335 62500 43252 340 97600 14896 36856 87989 94678 44107 47246 51228 51659 56430 66056 33255 64401 27761 27480 89321 54699 25378 62596 11912 81216 14738 57091 98531 73686 90151 50750 15369 12595 69570 90526 16143 10651 40332 43473 21310 85998 53506 39026 64494 33144 24255 3447 13041 40931 19322 85050 35709 57597 25949 78980 73247 64388 58085 992 9426 78416 71093 34911 88768 45725 89292 32132 19390 2756 50141 76312 21198 25659 26302 48263 2160 64038 39234 17138 60291 38060 19898 24959 5703 68147 12658 76853 84406 1433 71366 20407 22849 35249 55725 92352 11321 69003 56363 32600 89712 60089 95708 66423 1871 66 18450 31799 2002 1904 44507 28966 60039 25807 9116 5396 89374 97602 48603 99582 57874 66995 80130 11948 45825 98151 65491 59080 39739 6431 19499 4707 65029 28461 91564 79389 18359 62323 24575 25085 14406 54359 13759 22685 37301 19092 64331 90669 93634 34768 40416 56525 75902 85862 30500 72084 57059 48130 76254 68181 57408 12628 42710 18694 61749 56604 754 13108 88687 72888 45291 45823 11080 89177 70947 37383 70689 52749 27971 87179 46287 21651 82325 37267 59114 91001 51565 66333 35877 44945 82453 47531 17818 60357 69699 72668 34776 42368 69938 23357 65090 2547 53293 71569 55064 68235 19769 55563 2259 93012 84806 14766 82901 96821 64975 27293 47106 99424 75996 63814 55143 16022 15057 65832 35520 55724 21772 84634 19694 80618 95228 12277 20867 49498 80567 76369 40900 61772 52588 61312 87995 31686 61969 56309 81533 15486 33632 65072 13115 64226 13329 64855 18 19722 65945 83085 96323 12476 80308 61371 5954 38554 62149 53411 49388 39305 16841 72582 41749 38865 14048 65974 8511 62585 26354 79617 20947 5864 14955 1933 7525 54996 3227 17957 51993 39750 97965 22122 48299 44374 57555 76781 14586 23917 9033 74132 78684 17099 49589 89792 27160 77819 9617 55010 30588 18867 38470 62853 60062 56365 47808 95330 56414 36156 95745 32233 84172 31810 33463 46121 4123 57725 50344 15093 66865 62285 72068 75437 6583 12367 22540 8576 54273 78908 22581 18587 55465 68991 10184 6919 44909 38525 59528 24544 99274 82171 87844 23163 4419 71440 72880 43335 69951 83815 90505 80110 57360 73705 47729 79816 15518 8475 94839 10818 62261 1209 87020 89136 76815 37145 17316 44798 91569 69899 50775 75136 21853 80307 57142 2072 3619 45488 76286 15092 96306 9250 96812 84781 73031 32447 20311 70584 57047 84957 96979 58186 31355 89522 37690 80875 21067 10897 7865 87473 74427 16567 74422 62080 60699 71937
153 126
81942 67420 73605 42747 69325 2795 23461 23789 17428 83074 72042 31296 43976 29110 35907 61998 92772 45422 95680 69907 69612 71010 68936 16810 63471 21348 58936 74538 97293 85557 24082 65000 50155 12326 98906 37037 63567 82025 99514 83165 60313 31833 50731 54575 8019 65173 94005 89653 87795 87884 64357 42672 38997 82909 25204 67895 85924 92921 4687 88664 55867 55539 95434 25536 2813 60065 28870 30433 60192 17916 74915 34468 91739 23857 25701 66691 33827 5630 20643 72235 55589 5841 43648 58134 76992 70985 25545 57210 96191 19820 35461 73898 19406 62536 31629 31613 48237 95253 76540 81340 61210 38162 45553 93447 60136 6603 48289 39365 74665 41302 98993 73312 60896 5567 38527 42473 40754 88754 35956 86230 22851 70138 31103 58395 83707 62092
604 297
43980 61618 15697 44115 8745 32449 89849 71932 98954 44220 21317 46220 49025 90348 81052 35330 73381 2747 22985 43487 62628 87834 63900 80675 41303 41055 69820 23061 68696 49970 4377 49197 33280 70317 21652 62981 30721 78029 1593 37190 77251 4589 82112 77019 78271 12810 35320 23806 3116 81115 99463 62387 9519 51111 23354 14697 60033 57936 47793 97297 93430 11231 46275 85072 70426 71437 60036 79600 32442 56823 71905 89037 2519 50236 39197 63024 15266 67928 78569 63803 99234 52124 42378 50845 35779 24756 81245 2123 3887 89826 98644 46979 75222 81458 86367 87385 68634 32862 17809 30956 48665 51575 10575 10345 97972 17214 8675 56540 56015 20231 23981 90733 80626 88710 70878 92557 13336 77161 47511 95370 15770 39961 52084 11951 33452 85264 96196 38867 50128 59206 48588 46349 54772 12572 38172 91899 17195 54603 76161 14087 42234 63757 33293 50716 47327 97362 17367 31569 8414 88264 51913 53193 30826 44023 80378 59438 41091 18342 24347 63624 35232 42557 56276 99202 10475 12010 69856 95402 39332 95039 48178 9118 73106 30227 80044 8760 84204 51753 52974 66195 63992 81769 78518 77711 15334 29817 47389 96207 36970 66041 61591 83629 67662 11675 9921 77141 56678 46567 8518 54336 34503 91258 93267 90741 1416 23231 70950 34959 66605 18985 64712 16617 31407 47249 5378 3049 59390 28145 86185 36504 18574 85883 8079 12833 48418 52941 94879 39041 78249 50811 32635 93334 5137 10531 42717 5623 14951 47944 73055 47623 70753 18315 12797 88099 60603 15831 56211 35370 66168 85472 40397 53149 39692 54973 83117 31093 54084 4502 97590 922 58901 79946 19392 98852 37176 35801 99283 56667 27986 48122 69547 3061 59761 91853 13840 82376 14028 94099 61796 26005 53180 25560 19715 49456 89777 85296 60795 11643 56958 70517 26602 18649 20545 48629 35588 67049 96266
104 54
35639 66805 93797 16248 26272 54611 53039 98845 65174 80343 49340 69418 22566 13050 83204 95619 57624 96734 29692 20911 51093 47165 73823 36575 87373 53550 21149 64295 44980 6276 22182 75719 32099 22098 21326 25208 3160 81443 141 59961 20568 94477 47235 54642 98458 4386 86878 86013 46697 68697 96133 6582 37849 91627
960 111
44261 49114 4772 10246 51876 7544 17016 76539 94952 78074 30117 74361 25961 107 66862 63779 31336 5475 42225 39628 59943 26599 48316 42917 38070 11448 19431 43639 87445 62456 54891 2488 87712 51196 59687 12061 50052 66161 63356 12818 28768 31978 59494 84810 48563 46174 52327 59873 94999 77346 53154 35120 23922 72223 2051 44935 54522 71564 53485 265 62564 64418 50403 94718 59962 50486 89679 946 83591 54465 46962 29567 10869 21090 51861 9966 10637 88364 17116 74055 71219 33843 32705 87227 48693 60256 39021 31496 9546 12806 54143 54444 5725 5471 99784 84873 52636 96093 97687 99308 15855 3101 79676 8638 65075 84320 25355 9421 97240 78036 52283
345 96
10102 33481 19434 71301 38678 698 41904 58235 46239 967 71140 880 5633 82196 70269 9844 89511 47976 58714 49783 91040 2793 18924 22031 54833 47044 51657 70045 13096 32967 54759 89275 48445 16279 49726 83797 58569 46918 54618 14136 69386 57587 67453 48436 35146 52092 62120 27876 46541 60681 62251 81026 86962 25649 38844 93210 11569 94392 9072 8460 71580 53331 25490 25046 14529 35454 85130 75269 13273 44631 4985 32687 32086 59800 53952 31543 79204 63367 18836 70007 34081 3643 12122 79533 11155 43678 67835 46830 77433 60044 40688 93506 53371 27194 909 18780
288 379
32732 19591 42202 73006 86166 86163 84940 65 70798 33874 48864 49569 5525 30460 94500 20830 61874 68478 28292 24646 12610 27772 38823 93322 15407 6755 15094 61824 21689 7608 92320 87043 64610 81845 35855 87616 38715 65605 54124 70063 55243 11741 49529 8094 44000 40410 87203 51674 39999 88453 55478 66702 15962 16390 55564 10316 61768 79023 88846 2929 46877 20942 92567 38030 45835 79956 15188 9829 38654 94403 98375 67542 4319 90745 47981 7567 90872 36842 30686 45452 49322 15187 56212 24550 50382 88213 770 59843 75399 39084 95470 83713 14448 66288 13479 42433 79899 77114 79563 20782 52489 86352 7247 55063 99175 59892 53054 27301 80968 54288 50844 23356 28087 10911 17255 6660 93064 37021 82338 75088 19329 76122 78310 65768 38661 8470 14826 40744 29609 19787 95313 37142 91212 94376 28230 64861 84749 45628 11820 11197 99352 17067 93781 33324 16384 66022 21014 37629 12135 60070 50346 55050 58728 49060 23815 6930 89172 15038 49318 18388 65512 22299 85951 40501 79543 15757 91591 63813 48833 871 19294 36004 44452 79862 65087 20660 87627 66065 96620 32781 40448 97090 83175 46188 94758 80173 72666 99778 9599 79896 91150 25275 55540 99245 67851 30725 272 85871 3654 6490 36576 84995 30084 44210 8964 8667 20100 28356 22556 50484 52097 99149 55392 96275 44927 67610 50508 31713 529 25577 94634 8349 75838 6247 23402 62094 12905 50559 91955 91255 55957 93006 53985 23235 69335 44117 19868 74056 9006 76822 9872 16483 54010 36171 26943 4280 72049 64302 58980 89766 92307 22589 5314 77227 64849 74663 80960 39407 42141 86829 20658 6147 40308 15590 42616 90007 16768 5581 54771 72333 11891 87131 56318 10169 33782 15636 14690 23934 47914 99809 2492 42521 18519 27340 20286 77999 81171 49511 12915 97774 60824 68694 21590 55487 33614 73060 74901 58909 57539 56699 34277 92997 37573 69942 4720 88987 91158 61052 77942 2313 43222 26270 67000 65978 97803 2098 16860 5523 16928 12651 78393 68505 27741 60229 88100 83483 61164 41082 97691 80089 89683 90777 69598 56427 63652 56091 28994 80949 32691 12802 32552 25736 25800 27865 29687 77720 67168 83245 34053 24331 69302 71456 75061 79296 20061 90147 78150 21402 90184 5255 66035 25874 11473 13611 31608 75578 4296 68395 54572 43903 74450 49641 48061 8189 98244 64093 91041 57540 5766
243 10
62162 28938 92172 64527 30870 91058 49656 45330 68309 66439
645 16
19201 5871 17206 27327 40430 99709 41610 5428 98958 55827 25420 70748 75243 94335 25857 37503
563 790
73819 2830 43056 78506 75293 35388 88166 94983 91563 62176 12846 44366 53950 2749 54893 80047 49329 66075 97160 16332 24864 33690 88929 12876 73128 4079 89382 99053 98583 28850 89979 27315 22642 83061 47951 29820 36165 45945 3060 3112 76137 29873 61767 77743 5430 59746 90263 25249 64528 8155 19758 29008 99199 21393 24064 99676 26235 5308 3788 88424 10214 93297 93280 10028 6086 69341 3689 408 1597 31897 87543 28458 28926 40334 27583 13712 40817 96711 12175 68194 29303 5105 94837 70559 74123 37758 98064 88618 24450 17866 25902 53524 21276 76340 96134 10722 91673 53163 22670 20858 17921 65516 18116 939 2758 8165 43584 75224 5276 40449 4199 14750 25685 98842 29760 95815 69556 69373 2626 68689 35055 37931 36246 87201 8653 13909 32048 51295 10091 42875 38068 78730 58331 69243 68285 51867 83811 15957 40124 36767 85415 89149 83923 151 54080 11423 91978 21696 90710 94310 39951 28038 71695 10987 37796 31656 12604 1626 38751 32978 14441 97383 53218 70341 23870 35981 76079 36121 24590 22830 38973 23036 18868 17006 3242 59910 93820 90003 76638 39336 73479 49439 57716 55059 33432 53601 19287 41975 8696 46191 39677 64434 78654 79189 44515 19940 32612 45483 40088 6171 88758 13992 45909 75703 47125 69577 39130 53472 95598 13058 66390 45455 34183 11747 51628 28620 48339 37256 31198 53489 46941 53343 45768 8278 83742 94049 969 3815 54410 5020 86089 49065 8788 64412 33442 93740 67893 51780 13612 42252 62156 69888 14490 59862 18993 26952 62632 73835 14865 83569 74604 3950 91078 45559 5226 89864 60099 56879 27898 90288 96673 95057 51121 35795 42800 93325 12564 55112 33606 49009 93220 7528 75621 37150 29474 14575 4472 91461 92419 43089 34399 55588 28671 51296 62777 64617 75796 19539 24873 40204 43727 46505 40653 8881 8652 81380 26385 22829 25622 23289 82526 63301 70743 7515 15889 87082 36823 67189 36442 9056 72034 53174 68376 8671 76386 95183 1418 1170 33148 47921 52722 29170 40283 8116 71051 85493 55060 35207 51783 78581 66487 57420 74173 64455 58282 60364 76662 43625 45321 92005 3000 22913 30012 97654 75587 2772 67441 12222 7755 44579 73595 40573 11355 9899 71741 40901 77366 99102 66531 72363 80085 97355 39756 49272 19920 63237 76699 75394 73776 34650 16105 36477 8254 44248 61836 28202 81256 54843 73955 25710 39768 75107 72788 55763 51399 38482 45803 87318 8829 74620 78712 2933 89856 54104 96386 40566 94383 79344 92488 67872 37315 41386 75311 45967 71279 82495 85700 13473 3560 20969 31748 92202 56682 71054 43935 86675 59119 1596 51130 59124 47291 13878 94803 78578 74747 96012 9270 47440 85299 66684 74872 83788 34937 51964 20314 93776 69512 98127 91144 15383 566 86578 36773 91361 47195 46655 6551 18731 47788 39773 16127 62196 30837 52686 85654 22398 6764 66980 67061 54006 55069 86971 60355 24063 47949 28815 58867 54039 29149 60775 80577 51922 88704 46989 36519 94831 9262 24977 98971 33798 31956 60363 23078 50212 74749 90564 73241 47024 70473 15990 63820 10048 25164 59083 43660 35689 41420 20105 88880 19569 99675 33074 39680 30259 4484 5585 82805 43617 57459 93353 89368 45872 72074 88782 19850 68539 48775 92817 83329 76929 56605 34739 51379 21533 93314 32190 97367 23362 42573 88068 155 77244 40054 43450 28251 82330 17401 41635 39483 88600 65666 93424 48658 97070 84888 90845 73226 32042 52208 91911 67816 76143 86551 37976 30834 83562 72952 36364 84740 76820 48244 1348 60671 91746 75851 64203 30568 45340 80442 38930 62661 88322 4973 41102 91677 15378 36177 7690 78466 47855 39432 29816 76950 32726 75029 2056 88303 60427 97318 23947 55226 54709 36343 93813 91574 77774 43713 3731 18357 13803 10951 14616 70745 74413 64772 50466 1813 20142 91241 2086 87993 44121 37535 37411 43480 8479 51000 96650 34630 95538 95837 96472 72120 7232 60594 83808 93330 61490 57583 8523 34663 94042 16473 23304 728 83501 26846 60020 27230 62210 18883 70307 73252 66218 83963 17010 6722 29420 5030 11836 88597 39071 74283 49313 10868 36831 59491 31460 66382 82773 59409 43834 67211 61110 4765 48585 5202 2483 3723 3494 4128 53292 48076 783 65618 19117 5218 60414 82995 71668 92527 33466 12294 19652 23234 11482 90258 22233 42754 79273 89786 62767 31067 38893 1321 30763 27124 56189 20460 18900 36103 9236 29957 77001 79360 37932 39090 85995 12490 79047 43636 71566 69105 35716 95308 92356 95879 79169 36398 16189 88554 93579 21192 68349 75023 31137 76610 56685 37603 7974 6828 61856 90514 62617 71329 61907 34936 10507 31267 34143 33418 57494 99909 2805 21379 57945 65678 79419 11328 57556 12447 24070 48336 52015 40753 54945 43191 9271 5022 33877 76374 95137 9851 9796 54607 63225 34750 38555 74515 41460 54058 92990 45377 15761 21854 98286 8006 14036 69674 40434 55733 25846 75095 40761 6080 83674 70618 47014 12044 69995
575 4
59377 31783 11319 26985
